     0/299      1.5G   0.06874   0.05057   0.07787    0.1972       313       320   0.06286  0.003727 8.475e-05 2.377e-05   0.09608   0.05241   0.07724
     1/299     2.69G    0.0588   0.05458   0.06685    0.1802       229       320   0.02562   0.00687 4.059e-05 1.008e-05   0.08822   0.05354    0.0676
     2/299     2.69G   0.05538    0.0559   0.05819    0.1695       173       320 0.0004878   0.01803 4.277e-05 1.216e-05   0.08502   0.05388    0.0595
     3/299     2.69G    0.0534   0.05565   0.05251    0.1616       180       320   0.05077  0.003232 5.517e-05 1.137e-05    0.0834   0.05375   0.05461
     4/299     2.69G   0.05208   0.05549   0.04957    0.1571       227       320   0.01305   0.01661 5.682e-05 1.022e-05    0.0825    0.0539   0.05219
     5/299     2.69G    0.0513   0.05549    0.0478    0.1546       161       320   0.02563  0.009589  6.57e-05 1.533e-05   0.08198   0.05384   0.05078
     6/299     2.69G   0.05078   0.05545   0.04662    0.1529       175       320   0.02571  0.008021 7.305e-05 1.683e-05   0.08165   0.05389   0.04983
     7/299     2.69G   0.05041   0.05567   0.04556    0.1516       199       320   0.02577  0.007321 7.647e-05 1.731e-05   0.08145   0.05391   0.04917
     8/299     2.69G   0.05013    0.0558   0.04486    0.1508       289       320   0.02573  0.007787 8.787e-05 1.667e-05   0.08128   0.05398   0.04866
     9/299     2.69G   0.04983   0.05567   0.04414    0.1496       118       320   0.01318   0.01258 8.897e-05 1.639e-05   0.08111    0.0541   0.04818
    10/299     2.69G   0.04961   0.05535   0.04366    0.1486       233       320   0.03828  0.006227 8.983e-05  1.65e-05   0.08094   0.05422   0.04772
    11/299     2.69G   0.04946   0.05577    0.0432    0.1484       195       320   0.02576  0.008643 9.526e-05 1.817e-05    0.0808   0.05433   0.04729
    12/299     2.69G   0.04929   0.05588   0.04265    0.1478       182       320   0.02578   0.00735  9.63e-05 1.704e-05   0.08063   0.05447    0.0469
    13/299     2.69G   0.04915   0.05563   0.04237    0.1472       170       320   0.03831  0.006619 0.0001071 1.859e-05   0.08049   0.05458    0.0465
    14/299     2.69G   0.04901   0.05595   0.04201     0.147       193       320   0.01322  0.008452 0.0001079 1.917e-05   0.08031   0.05465   0.04605
    15/299      2.7G   0.04889   0.05605   0.04172    0.1467       209       320   0.02575   0.00682 0.0001124 1.929e-05   0.08017    0.0547   0.04567
    16/299      2.7G   0.04881   0.05592   0.04148    0.1462       177       320   0.02581  0.005786  0.000115 1.975e-05   0.08005   0.05465   0.04528
    17/299      2.7G   0.04868   0.05602   0.04125     0.146       180       320   0.02578  0.005596 0.0001155  2.09e-05    0.0799   0.05467   0.04489
    18/299      2.7G   0.04867   0.05607   0.04108    0.1458       260       320   0.01323  0.007332  0.000147 2.405e-05   0.07974    0.0547   0.04453
    19/299      2.7G   0.04862   0.05601    0.0408    0.1454       240       320   0.01322  0.007083 0.0001473 2.419e-05   0.07959    0.0547   0.04417
    20/299      2.7G   0.04846   0.05589   0.04069     0.145       153       320   0.01323  0.006246 0.0001432  2.22e-05   0.07947   0.05466   0.04382
    21/299      2.7G   0.04841   0.05598   0.04055    0.1449       165       320   0.01319  0.007511 9.345e-05 1.937e-05   0.07933   0.05455   0.04345
    22/299      2.7G   0.04832   0.05608   0.04031    0.1447       221       320   0.02576  0.005544 9.865e-05 2.029e-05   0.07921   0.05445   0.04312
    23/299      2.7G   0.04826   0.05616   0.04018    0.1446       194       320   0.01325   0.00681 0.0001005 2.104e-05   0.07909   0.05432    0.0428
    24/299      2.7G   0.04821   0.05596   0.04009    0.1443       288       320   0.01325  0.007746 0.0001046 2.186e-05   0.07896   0.05419   0.04249
    25/299      2.7G   0.04813   0.05607   0.03987    0.1441       148       320   0.02579  0.007583 0.0001087 2.202e-05   0.07883   0.05407   0.04221
    26/299      2.7G   0.04804   0.05601   0.03973    0.1438       197       320    0.0133    0.0088 0.0001073 2.192e-05   0.07869     0.054   0.04196
    27/299      2.7G   0.04803    0.0562   0.03959    0.1438       157       320    0.0134  0.008525 0.0001271 2.544e-05   0.07856   0.05404   0.04175
    28/299      2.7G   0.04798   0.05627   0.03955    0.1438       204       320   0.01342  0.008474 0.0001178  2.42e-05   0.07846   0.05391   0.04156
    29/299      2.7G   0.04801   0.05603   0.03953    0.1436       181       320   0.01343  0.008372 0.0001137 2.325e-05   0.07837   0.05383   0.04138
    30/299      2.7G    0.0479   0.05618   0.03939    0.1435       216       320   0.01342   0.00869 0.0001141 2.309e-05   0.07828   0.05375    0.0412
    31/299      2.7G   0.04781   0.05613   0.03927    0.1432       258       320   0.01344   0.00775 0.0001141 2.259e-05   0.07821   0.05362   0.04103
    32/299      2.7G   0.04781   0.05612   0.03918    0.1431       177       320   0.01346  0.007466  0.000116 2.355e-05   0.07813   0.05361   0.04089
    33/299      2.7G   0.04786   0.05608   0.03914    0.1431       250       320   0.01346  0.007994 0.0001179 2.434e-05   0.07804   0.05354   0.04077
    34/299      2.7G   0.04782   0.05601   0.03912    0.1429       202       320   0.01353  0.007088 0.0001254 2.608e-05     0.078   0.05345   0.04067
    35/299      2.7G   0.04778   0.05631   0.03906    0.1431       157       320   0.01345  0.008004 0.0001258 2.526e-05   0.07794    0.0534   0.04056
    36/299      2.7G   0.04767   0.05615   0.03891    0.1427       157       320   0.01349  0.008179 0.0001281 2.524e-05    0.0779   0.05333    0.0405
    37/299      2.7G   0.04767   0.05624   0.03887    0.1428       204       320   0.01345   0.00799 0.0001255 2.446e-05   0.07785   0.05329   0.04039
    38/299      2.7G   0.04764   0.05636   0.03886    0.1429       231       320   0.01357  0.005959 0.0001372 2.755e-05   0.07781   0.05322    0.0403
    39/299      2.7G   0.04764   0.05629   0.03867    0.1426       148       320   0.01363  0.005719 0.0001359 2.801e-05   0.07774   0.05318    0.0402
    40/299      2.7G   0.04763    0.0561   0.03867    0.1424       242       320   0.01352  0.005872 0.0001351 2.647e-05    0.0777   0.05315   0.04012
    41/299      2.7G    0.0476   0.05617   0.03863    0.1424       149       320   0.01346  0.008045 0.0001279 2.465e-05   0.07766   0.05312   0.04005
    42/299      2.7G   0.04759   0.05631   0.03859    0.1425       157       320   0.01355  0.006496   0.00013 2.413e-05   0.07763   0.05308   0.03997
    43/299      2.7G   0.04745   0.05607   0.03845     0.142       165       320   0.01344   0.00952 0.0001274 2.382e-05    0.0776   0.05309   0.03995
    44/299      2.7G   0.04754   0.05621   0.03846    0.1422       172       320   0.01349  0.008442 0.0001196 2.292e-05   0.07756   0.05306   0.03987
    45/299      2.7G   0.04743   0.05628   0.03846    0.1422       240       320   0.01347  0.008066 0.0001179 2.235e-05   0.07751     0.053    0.0398
    46/299      2.7G   0.04744   0.05626   0.03835    0.1421       224       320   0.01345  0.007804 0.0001174 2.245e-05   0.07748   0.05298   0.03975
    47/299      2.7G   0.04745   0.05642   0.03828    0.1421       189       320   0.01341  0.007881   0.00012 2.245e-05   0.07746   0.05297    0.0397
    48/299      2.7G   0.04735   0.05631   0.03824    0.1419       177       320   0.01342  0.008928 0.0001194 2.255e-05   0.07743   0.05292   0.03965
    49/299      2.7G   0.04731    0.0565   0.03814     0.142       212       320   0.01349    0.0086 0.0001206 2.285e-05    0.0774   0.05293   0.03957
    50/299      2.7G   0.04732   0.05626   0.03822    0.1418       250       320   0.01347  0.008225 0.0001262 2.306e-05   0.07737   0.05291   0.03951
    51/299      2.7G   0.04735   0.05645   0.03808    0.1419       175       320   0.01342  0.008974  0.000124 2.232e-05   0.07734   0.05291   0.03946
    52/299      2.7G   0.04737    0.0562   0.03823    0.1418       208       320   0.01345  0.007907 0.0001225 2.193e-05    0.0773   0.05289    0.0394
    53/299      2.7G   0.04732    0.0563   0.03802    0.1416       205       320   0.01345  0.007687 0.0001271 2.267e-05   0.07728   0.05289   0.03936
    54/299      2.7G   0.04726   0.05616   0.03797    0.1414       213       320   0.01347  0.008634 0.0001277 2.263e-05   0.07726   0.05286   0.03933
    55/299      2.7G   0.04722   0.05627   0.03792    0.1414       152       320   0.01347  0.007967 0.0001251  2.19e-05   0.07724   0.05284    0.0393
    56/299      2.7G    0.0472   0.05631   0.03781    0.1413       174       320   0.01344    0.0082 0.0001238 2.232e-05   0.07722   0.05285   0.03925
    57/299      2.7G   0.04722   0.05651   0.03782    0.1415       259       320   0.01344  0.008165  0.000123 2.186e-05   0.07717   0.05286   0.03923
    58/299      2.7G   0.04715   0.05627   0.03771    0.1411       185       320   0.01343  0.007505  0.000119 2.152e-05   0.07711   0.05288   0.03922
    59/299      2.7G   0.04717   0.05626   0.03787    0.1413       233       320   0.01341  0.007435 0.0001234 2.219e-05   0.07709   0.05289   0.03917
    60/299      2.7G   0.04716   0.05628   0.03771    0.1411       227       320   0.01339  0.007917 0.0001224 2.217e-05   0.07708   0.05289   0.03912
    61/299      2.7G   0.04715    0.0564   0.03768    0.1412       186       320   0.03856  0.003222 0.0001277 2.263e-05   0.07706   0.05288    0.0391
    62/299      2.7G   0.04714   0.05649   0.03765    0.1413       156       320   0.01335   0.00693 0.0001223 2.189e-05   0.07703   0.05287   0.03906
    63/299      2.7G   0.04716   0.05629   0.03768    0.1411       164       320   0.01332   0.01093  0.000121 2.227e-05   0.07701   0.05289   0.03902
    64/299      2.7G   0.04709   0.05631   0.03748    0.1409       299       320   0.01336  0.007399 0.0001202 2.207e-05   0.07696   0.05291   0.03897
    65/299      2.7G   0.04706   0.05655   0.03756    0.1412       173       320   0.01337  0.008626 0.0001185 2.164e-05   0.07693   0.05288   0.03893
    66/299      2.7G   0.04708   0.05636   0.03756     0.141       189       320   0.01339  0.008354 0.0001158 2.128e-05   0.07691   0.05287   0.03889
    67/299      2.7G   0.04703   0.05629   0.03753    0.1409       186       320   0.01346  0.005466 0.0001142  2.07e-05   0.07691   0.05286   0.03886
    68/299      2.7G   0.04708   0.05656   0.03754    0.1412       231       320    0.0135  0.005758 0.0001152 2.022e-05   0.07688   0.05286   0.03882
    69/299      2.7G   0.04701   0.05654   0.03737    0.1409       208       320   0.01352  0.005476 0.0001197 2.096e-05   0.07686   0.05287   0.03879
    70/299      2.7G   0.04698   0.05655   0.03735    0.1409       135       320   0.01362  0.006925 0.0001284 2.179e-05   0.07684   0.05287   0.03876
    71/299      2.7G   0.04697   0.05623   0.03736    0.1406       242       320   0.01364  0.006907 0.0001303 2.236e-05   0.07685   0.05288   0.03875
    72/299      2.7G   0.04693   0.05654   0.03731    0.1408       251       320   0.01352  0.006937 0.0001309 2.248e-05   0.07683   0.05283    0.0387
    73/299      2.7G    0.0469   0.05656   0.03734    0.1408       149       320   0.01353  0.006565 0.0001273 2.255e-05    0.0768   0.05283   0.03866
    74/299      2.7G   0.04695   0.05658    0.0373    0.1408       155       320   0.01352  0.006435 0.0001295  2.26e-05   0.07677   0.05283   0.03863
    75/299      2.7G   0.04693   0.05656   0.03716    0.1407       140       320   0.01364  0.005441 0.0001299   2.3e-05   0.07676   0.05284   0.03857
    76/299      2.7G   0.04693   0.05648   0.03726    0.1407       173       320    0.0137  0.005581 0.0001324 2.326e-05   0.07675   0.05281   0.03856
    77/299      2.7G   0.04692   0.05641   0.03726    0.1406       209       320   0.01367  0.005403 0.0001281 2.299e-05   0.07674   0.05283   0.03856
    78/299      2.7G   0.04689   0.05685   0.03716    0.1409       181       320   0.01369  0.005387 0.0001252 2.309e-05   0.07672   0.05285   0.03855
    79/299      2.7G   0.04689   0.05651   0.03713    0.1405       235       320   0.01364  0.005624 0.0001246 2.267e-05    0.0767    0.0528   0.03853
    80/299      2.7G   0.04683   0.05624   0.03711    0.1402       191       320   0.01363  0.006257 0.0001328  2.31e-05   0.07666   0.05282    0.0385
    81/299      2.7G    0.0468   0.05629   0.03717    0.1403       179       320   0.02615  0.004656 0.0001316 2.316e-05   0.07665   0.05282    0.0385
    82/299      2.7G   0.04674   0.05631   0.03705    0.1401       133       320    0.0261  0.004666 0.0001272 2.328e-05   0.07664    0.0528   0.03849
    83/299      2.7G   0.04679   0.05639   0.03702    0.1402       205       320   0.02616  0.003813 0.0001287 2.336e-05   0.07663   0.05281   0.03848
    84/299      2.7G   0.04684   0.05639   0.03697    0.1402       233       320   0.02614  0.003959 0.0001276 2.298e-05   0.07664    0.0528   0.03846
    85/299      2.7G    0.0468   0.05657   0.03691    0.1403       185       320    0.0261  0.004704 0.0001298  2.38e-05   0.07662   0.05281   0.03843
    86/299      2.7G    0.0467   0.05662   0.03702    0.1403       267       320    0.0262  0.004683 0.0001351 2.376e-05    0.0766    0.0528   0.03842
    87/299      2.7G   0.04673   0.05666   0.03696    0.1404       197       320   0.02619  0.004382 0.0001399 2.419e-05   0.07659   0.05281    0.0384
    88/299      2.7G   0.04671   0.05626   0.03685    0.1398       224       320   0.02616  0.004068 0.0001307  2.36e-05   0.07658   0.05276   0.03836
    89/299      2.7G   0.04667   0.05653   0.03682      0.14       169       320   0.02616  0.004041 0.0001248 2.237e-05   0.07657   0.05278   0.03834
    90/299      2.7G   0.04674   0.05645   0.03684      0.14       200       320   0.02617  0.003983 0.0001217 2.208e-05   0.07656   0.05281   0.03828
    91/299      2.7G   0.04664   0.05656   0.03672    0.1399       184       320   0.05122  0.003438 0.0001213 2.179e-05   0.07654   0.05279   0.03822
    92/299      2.7G   0.04667   0.05642   0.03668    0.1398       275       320   0.05123  0.003667  0.000135 2.288e-05    0.0765   0.05282    0.0382
    93/299      2.7G   0.04662   0.05666   0.03665    0.1399       337       320    0.0513  0.003529 0.0001191 2.135e-05    0.0765    0.0528   0.03821
    94/299      2.7G   0.04663   0.05635   0.03678    0.1398       193       320   0.05125  0.003415 0.0001183 2.134e-05   0.07649   0.05278    0.0382
    95/299      2.7G   0.04664   0.05641   0.03656    0.1396       178       320   0.05126   0.00359 0.0001206 2.179e-05   0.07647   0.05275   0.03819
    96/299      2.7G   0.04659   0.05663   0.03668    0.1399       234       320   0.01369  0.004393 0.0001226 2.215e-05   0.07646   0.05278   0.03818
    97/299      2.7G   0.04665   0.05661   0.03658    0.1398       158       320    0.0513  0.003663 0.0001201 2.158e-05   0.07644   0.05278   0.03815
    98/299      2.7G   0.04654   0.05636   0.03646    0.1394       144       320   0.03873  0.004088 0.0001214 2.161e-05   0.07643   0.05279    0.0381
    99/299      2.7G   0.04652   0.05662   0.03651    0.1396       194       320    0.0387  0.003999  0.000126 2.257e-05    0.0764   0.05279   0.03806
   100/299      2.7G   0.04653   0.05661   0.03655    0.1397       183       320   0.02617  0.004461 0.0001324  2.29e-05   0.07638    0.0528   0.03806
   101/299      2.7G   0.04654   0.05653   0.03636    0.1394       131       320   0.05126  0.003609 0.0001372 2.377e-05   0.07638   0.05279   0.03805
   102/299      2.7G    0.0465   0.05674   0.03648    0.1397       142       320   0.05137  0.003429 0.0001482 2.519e-05   0.07637    0.0528   0.03804
   103/299      2.7G   0.04654   0.05657    0.0365    0.1396       175       320   0.05123  0.004046 0.0001485 2.559e-05   0.07634   0.05279   0.03801
   104/299      2.7G   0.04649   0.05662   0.03626    0.1394       269       320   0.05131  0.003738 0.0001536 2.584e-05   0.07634   0.05279   0.03799
   105/299      2.7G   0.04648   0.05663   0.03631    0.1394       193       320   0.05137  0.003863 0.0001546 2.577e-05   0.07633   0.05281   0.03796
   106/299      2.7G   0.04646   0.05634   0.03628    0.1391       198       320   0.05134  0.003944 0.0001514 2.532e-05   0.07634   0.05277   0.03793
   107/299      2.7G   0.04644   0.05656   0.03625    0.1393       168       320   0.05126  0.004336 0.0001425 2.448e-05   0.07631   0.05279   0.03792
   108/299      2.7G   0.04644   0.05679    0.0363    0.1395       265       320   0.01378  0.004979  0.000147 2.559e-05    0.0763    0.0528   0.03791
   109/299      2.7G   0.04639   0.05672   0.03617    0.1393       235       320   0.01378  0.005354 0.0001446 2.519e-05   0.07628   0.05278   0.03788
   110/299      2.7G   0.04636   0.05665   0.03613    0.1391       328       320   0.05129  0.003702  0.000141  2.51e-05   0.07625   0.05279   0.03788
   111/299      2.7G   0.04636   0.05671   0.03613    0.1392       201       320   0.05129   0.00372 0.0001361 2.478e-05   0.07623   0.05278   0.03786
   112/299      2.7G   0.04637   0.05679   0.03608    0.1392       140       320   0.05133  0.003616 0.0001386 2.517e-05   0.07621   0.05277   0.03782
   113/299      2.7G   0.04634   0.05668   0.03608    0.1391       314       320   0.02622  0.004189 0.0001342 2.527e-05   0.07619   0.05278   0.03779
   114/299      2.7G    0.0463   0.05633   0.03612    0.1388       224       320   0.05121  0.003908 0.0001283 2.479e-05   0.07619   0.05273   0.03777
   115/299      2.7G   0.04634   0.05661   0.03607     0.139       206       320   0.03874  0.004152 0.0001297 2.443e-05    0.0762   0.05272   0.03774
   116/299      2.7G    0.0463   0.05655   0.03599    0.1388       212       320   0.03869  0.003957 0.0001223 2.413e-05    0.0762   0.05273   0.03771
   117/299      2.7G   0.04619   0.05659   0.03592    0.1387       174       320   0.01368  0.005918 0.0001328 2.616e-05   0.07618    0.0527    0.0377
   118/299      2.7G   0.04621   0.05655   0.03595    0.1387       191       320   0.01364  0.006091 0.0001333 2.605e-05   0.07617   0.05269   0.03766
   119/299      2.7G   0.04615   0.05671    0.0359    0.1388       154       320   0.01359  0.006229 0.0001327 2.592e-05   0.07615   0.05269   0.03764
   120/299      2.7G   0.04624   0.05662   0.03586    0.1387       152       320   0.01361  0.006921  0.000136 2.589e-05   0.07613   0.05273   0.03763
   121/299      2.7G   0.04625   0.05649   0.03585    0.1386       173       320   0.01369  0.006386 0.0001378 2.636e-05   0.07612   0.05272   0.03761
   122/299      2.7G   0.04624   0.05654   0.03582    0.1386       205       320   0.01372  0.006085 0.0001337 2.517e-05    0.0761   0.05274    0.0376
   123/299      2.7G    0.0462    0.0568    0.0357    0.1387       208       320   0.01372  0.006077  0.000145 2.583e-05    0.0761   0.05274    0.0376
   124/299      2.7G    0.0462   0.05661   0.03575    0.1386       256       320   0.01368  0.005704 0.0001461 2.541e-05   0.07609   0.05272   0.03759
   125/299      2.7G   0.04611   0.05662   0.03568    0.1384       183       320   0.01376  0.005806 0.0001514 2.619e-05   0.07609   0.05276    0.0376
   126/299      2.7G   0.04609   0.05678   0.03565    0.1385       231       320   0.01387  0.005948 0.0001552 2.671e-05   0.07609   0.05273   0.03758
   127/299      2.7G   0.04607   0.05661   0.03568    0.1384       167       320   0.01387  0.005898 0.0001565   2.7e-05   0.07608   0.05275   0.03755
   128/299      2.7G   0.04611   0.05687   0.03562    0.1386       216       320   0.01389  0.005658 0.0001552  2.67e-05   0.07608   0.05271    0.0375
   129/299      2.7G   0.04601   0.05653   0.03545     0.138       208       320   0.01394  0.005199 0.0001598 2.721e-05   0.07606   0.05272   0.03749
   130/199     3.22G   0.05229   0.03719   0.02777    0.1172         3       320    0.2197    0.7017    0.2464   0.04864   0.07983   0.04531   0.06127
   131/199      4.5G   0.03488   0.03999   0.02034   0.09521         5       320    0.7543    0.7967    0.8389    0.5197   0.03259   0.02892   0.02516
   132/199      4.5G   0.03161    0.0377   0.01772   0.08703         2       320    0.8213    0.7221    0.8411     0.488   0.03238   0.02678   0.02812
   133/199      4.5G   0.03088   0.03632   0.01509   0.08229         2       320     0.793    0.8358    0.8789    0.5791   0.02887   0.02596   0.03042
   134/199     4.51G   0.03009   0.03518   0.01431   0.07958         2       320    0.7975    0.8184    0.8704    0.4741   0.03177   0.02704   0.03341
   135/199     4.51G   0.02921   0.03525   0.01294    0.0774         5       320    0.7775    0.8059    0.8762    0.5621   0.02681   0.02543   0.03649
   136/199     4.51G    0.0286   0.03445   0.01231   0.07537         3       320     0.819    0.7885    0.8948    0.5836   0.02717     0.025   0.03612
   137/199     4.51G    0.0279   0.03402   0.01153   0.07345         5       320    0.6824    0.8804    0.8718     0.577   0.02484   0.02494    0.0421
   138/199     4.52G    0.0278   0.03421   0.01107   0.07308         3       320    0.7998    0.8385    0.8993    0.5947   0.02465   0.02439   0.03924
   139/199     4.52G   0.02681   0.03398   0.01003   0.07083         0       320    0.8183     0.829    0.9064    0.6384     0.023    0.0245   0.03937
   140/199     4.52G   0.02692   0.03357   0.01008   0.07056         9       320    0.8223    0.7997    0.8946    0.6047   0.02368   0.02506   0.04187
   141/199     4.52G   0.02685   0.03288   0.01029   0.07003         2       320    0.8178    0.8278    0.9122    0.6362   0.02369   0.02405   0.03986
   142/199     4.52G   0.02648   0.03339  0.009776   0.06965         5       320    0.7824    0.8624    0.9071    0.6277   0.02529    0.0245    0.0412
   143/199     4.53G   0.02689   0.03352   0.01003   0.07044         5       320    0.7796     0.815    0.8931    0.6324   0.02243    0.0245    0.0508
   144/199     4.53G   0.02623   0.03192  0.009573   0.06773         2       320    0.7987     0.827    0.8937    0.5851   0.02721   0.02464   0.04609
   145/199     4.53G   0.02586   0.03316  0.008559   0.06758         9       320    0.8879    0.8111    0.9199    0.6406   0.02427   0.02396   0.04482
   146/199     4.53G   0.02595   0.03311  0.008978   0.06804         2       320    0.8642     0.827    0.9192    0.6471   0.02372   0.02428   0.04587
   147/199     4.53G   0.02594   0.03267  0.008576   0.06719         9       320    0.8552    0.8435    0.9273    0.6583    0.0224   0.02353   0.04666
   148/199     4.53G   0.02546   0.03228   0.00841   0.06615         2       320    0.8595    0.8645    0.9325    0.6484   0.02363   0.02335   0.04571
   149/199     4.54G   0.02555   0.03236  0.008542   0.06645        10       320    0.8808     0.802     0.926    0.6427   0.02319   0.02347   0.04638
   150/199     4.54G   0.02522   0.03201  0.008205   0.06543         7       320    0.8117    0.8423    0.9131    0.6667   0.02166   0.02295   0.05078
   151/199     4.54G   0.02525   0.03203  0.008276   0.06556         4       320    0.9016    0.8498    0.9358    0.6535    0.0235    0.0241   0.04704
   152/199     4.54G   0.02489   0.03125  0.008069   0.06421         3       320    0.8732    0.8604    0.9342    0.6801   0.02167   0.02383   0.04515
   153/199     4.54G   0.02528   0.03178  0.007842   0.06491         6       320    0.8573    0.8682     0.936    0.6781   0.02178   0.02337   0.05149
   154/199     4.54G   0.02502   0.03125  0.007961   0.06423         3       320    0.8334    0.8863    0.9312    0.6715   0.02227   0.02312   0.05371
   155/199     4.54G   0.02511   0.03196  0.007853   0.06492        10       320    0.8973    0.8553    0.9351    0.6887   0.02134   0.02326   0.04904
   156/199     4.54G   0.02529   0.03157  0.007719   0.06457         5       320    0.9035    0.8172    0.9357    0.6841   0.02149   0.02276   0.05252
   157/199     4.54G   0.02459   0.03163  0.007713   0.06393        10       320    0.8918     0.849    0.9345    0.6866   0.02179   0.02319   0.04633
   158/199     4.54G   0.02447   0.03156  0.008042   0.06407        11       320    0.8809    0.8653    0.9383     0.676   0.02219    0.0235   0.05276
   159/199     4.54G   0.02478   0.03152   0.00757   0.06387        16       320    0.8651    0.8707    0.9381    0.6924   0.02146   0.02292   0.05044
   160/199     4.54G   0.02471   0.03143    0.0074   0.06355         5       320     0.879    0.8823    0.9423     0.671   0.02184   0.02333   0.04673
   161/199     4.54G   0.02516    0.0308  0.007453   0.06341         2       320    0.8298    0.8813    0.9343    0.6816   0.02152   0.02282   0.05607
   162/199     4.54G   0.02404   0.02976  0.007444   0.06124         4       320    0.9074    0.8389    0.9395    0.6852   0.02122   0.02291   0.05228
   163/199     4.54G   0.02438    0.0306  0.007606   0.06258        11       320    0.9168    0.8917    0.9509    0.6963   0.02098   0.02283    0.0524
   164/199     4.54G   0.02438   0.03109  0.007699   0.06317        10       320    0.8721    0.8238    0.9257    0.6834   0.02029   0.02263   0.05303
   165/199     4.54G    0.0241   0.03052  0.007226   0.06185         2       320    0.8703    0.8474    0.9317     0.686   0.02032    0.0228   0.05481
   166/199     4.54G   0.02408   0.03036  0.007213   0.06165         2       320     0.901     0.859     0.943    0.6888   0.02121   0.02288   0.05577
   167/199     4.54G   0.02389   0.03025  0.007149   0.06129         1       320    0.8412    0.8883    0.9368    0.7068   0.02003   0.02258   0.05719
   168/199     4.54G   0.02431   0.03073  0.007815   0.06286         4       320      0.88    0.8841    0.9471    0.7082   0.02093   0.02257   0.05277
   169/199     4.54G   0.02393   0.03061  0.007084   0.06163         5       320    0.8814     0.858    0.9361    0.6915   0.02102   0.02306   0.05672
   170/199     4.54G   0.02403   0.03042  0.007083   0.06154         9       320     0.884    0.8589    0.9397    0.6919   0.02126   0.02302   0.05059
   171/199     4.54G   0.02408   0.03118  0.006904   0.06216         9       320    0.9267    0.8569    0.9462    0.7079    0.0204   0.02286   0.05459
   172/199     4.54G   0.02411   0.03046  0.007593   0.06217         3       320    0.9081    0.8626    0.9464    0.7065   0.02065   0.02269   0.05372
   173/199     4.54G    0.0238   0.03036    0.0071   0.06126         5       320    0.8768    0.8585     0.941    0.6984   0.02059   0.02277   0.05435
   174/199     4.54G   0.02421   0.03081  0.007735   0.06275         8       320    0.8963    0.8706    0.9479    0.7053    0.0206   0.02281   0.05277
   175/199     4.54G   0.02389    0.0304  0.007108   0.06141         2       320    0.8783    0.8531    0.9399    0.7032   0.02048   0.02278   0.05694
   176/199     4.54G   0.02403    0.0302  0.006984   0.06122         7       320    0.8949    0.8454    0.9432    0.7036   0.02012   0.02304   0.05101
   177/199     4.54G   0.02372   0.02985  0.007091   0.06067         3       320    0.8963    0.8722    0.9468    0.7032   0.02033   0.02275   0.05194
   178/199     4.54G   0.02378   0.03063  0.007115   0.06152         5       320    0.9121    0.8746    0.9521    0.7089   0.02052   0.02268   0.05251
   179/199     4.54G   0.02375   0.03031  0.006798   0.06085         8       320    0.8743    0.8723    0.9416    0.7059   0.02014   0.02288   0.05681
   180/199     4.54G   0.02348    0.0299  0.006891   0.06027         4       320    0.8541    0.8819    0.9408    0.7025   0.02072    0.0223   0.05551
   181/199     4.54G   0.02379   0.02974  0.007021   0.06055         6       320    0.8669    0.8876    0.9455    0.7087   0.02018   0.02283   0.05483
   182/199     4.54G   0.02361   0.03044  0.007582   0.06164         2       320    0.8856    0.8716    0.9452    0.6994   0.02102   0.02253   0.05697
   183/199     4.54G   0.02371   0.03118  0.006741   0.06163         9       320    0.8821    0.8575    0.9407    0.7047    0.0206   0.02254   0.05653
   184/199     4.54G    0.0235   0.02987   0.00675   0.06012         4       320    0.8674    0.8948    0.9471    0.7089   0.02034   0.02268   0.05698
   185/199     4.54G   0.02362   0.03016  0.006871   0.06065         5       320    0.9104    0.8808    0.9511    0.7092   0.02074   0.02283   0.05346
   186/199     4.54G   0.02353   0.02972  0.006796   0.06004         4       320     0.894    0.8957    0.9507    0.7042   0.02044   0.02273   0.05528
   187/199     4.54G   0.02371   0.03018  0.007091   0.06098        13       320    0.8955    0.8959    0.9508    0.7138   0.01998   0.02262   0.05401
   188/199     4.54G   0.02333   0.02982  0.007007   0.06015         5       320    0.9105    0.8838    0.9522    0.7042   0.02074    0.0227   0.05362
   189/199     4.54G    0.0235   0.03027  0.006679   0.06045         3       320    0.8886    0.9025    0.9517      0.71   0.02065    0.0227   0.05489
   190/199     4.54G   0.02351   0.03004  0.006912   0.06046        11       320    0.9057    0.8906    0.9539    0.7189   0.02034    0.0226    0.0538
   191/199     4.54G   0.02365   0.03039  0.006743   0.06078         7       320    0.9087    0.8854    0.9538    0.7135   0.02038    0.0228   0.05406
   192/199     4.54G    0.0235   0.03009  0.007401   0.06099         5       320    0.8816    0.9032    0.9533    0.7156   0.02046   0.02263   0.05553
   193/199     4.54G   0.02362   0.02962  0.006898   0.06013         6       320    0.9079    0.8882    0.9534    0.7171   0.02013   0.02267   0.05342
   194/199     4.54G   0.02332   0.02938  0.007196   0.05989         4       320    0.9099    0.8885    0.9548    0.7115   0.02025   0.02279   0.05295
   195/199     4.54G   0.02351   0.02966  0.007063   0.06023         3       320    0.8995      0.89     0.953    0.7132   0.02028   0.02261   0.05393
   196/199     4.54G   0.02369   0.02987  0.006734   0.06029         9       320      0.91    0.8945    0.9564    0.7157   0.02045   0.02278   0.05202
   197/199     4.54G   0.02343    0.0295  0.006527   0.05945         8       320    0.9165    0.8816    0.9542    0.7178   0.02024   0.02268   0.05211
   198/199     4.54G   0.02345   0.02999  0.006508   0.05995         5       320    0.9051    0.8903    0.9537    0.7148   0.02018   0.02259    0.0529
   199/199     4.54G   0.02355   0.03009  0.006735   0.06037         7       320    0.9123    0.8877    0.9542    0.7116   0.02044   0.02266   0.05253
