COCO METRICS:
AP: 0.8263237821693112
AP50: 0.9710467211106953
AP75: 0.9255269202715395
APsmall: 0.17777275941879903
APmedium: 0.7523164809783102
APlarge: 0.8783595362393402
AR1: 0.5778223927471112
AR10: 0.8628521837296727
AR100: 0.8628521837296727
ARsmall: 0.18846153846153849
ARmedium: 0.7962380149831978
ARlarge: 0.9140044258158664

PASCAL METRIC (AP per class)
U: 0.9743846474703003
P: 0.9790573830019179
D: 0.9817624105823329

PASCAL METRIC (mAP)
mAP: 0.9784014803515171