     0/299      1.5G   0.06874   0.05057   0.07787    0.1972       313       320   0.06286  0.003727 8.475e-05 2.377e-05   0.09608   0.05241   0.07724
     1/299     2.69G    0.0588   0.05458   0.06685    0.1802       229       320   0.02562   0.00687 4.059e-05 1.008e-05   0.08822   0.05354    0.0676
     2/299     2.69G   0.05538    0.0559   0.05819    0.1695       173       320 0.0004878   0.01803 4.277e-05 1.216e-05   0.08502   0.05388    0.0595
     3/299     2.69G    0.0534   0.05565   0.05251    0.1616       180       320   0.05077  0.003232 5.517e-05 1.137e-05    0.0834   0.05375   0.05461
     4/299     2.69G   0.05208   0.05549   0.04957    0.1571       227       320   0.01305   0.01661 5.682e-05 1.022e-05    0.0825    0.0539   0.05219
     5/299     2.69G    0.0513   0.05549    0.0478    0.1546       161       320   0.02563  0.009589  6.57e-05 1.533e-05   0.08198   0.05384   0.05078
     6/299     2.69G   0.05078   0.05545   0.04662    0.1529       175       320   0.02571  0.008021 7.305e-05 1.683e-05   0.08165   0.05389   0.04983
     7/299     2.69G   0.05041   0.05567   0.04556    0.1516       199       320   0.02577  0.007321 7.647e-05 1.731e-05   0.08145   0.05391   0.04917
     8/299     2.69G   0.05013    0.0558   0.04486    0.1508       289       320   0.02573  0.007787 8.787e-05 1.667e-05   0.08128   0.05398   0.04866
     9/299     2.69G   0.04983   0.05567   0.04414    0.1496       118       320   0.01318   0.01258 8.897e-05 1.639e-05   0.08111    0.0541   0.04818
    10/299     2.69G   0.04961   0.05535   0.04366    0.1486       233       320   0.03828  0.006227 8.983e-05  1.65e-05   0.08094   0.05422   0.04772
    11/299     2.69G   0.04946   0.05577    0.0432    0.1484       195       320   0.02576  0.008643 9.526e-05 1.817e-05    0.0808   0.05433   0.04729
    12/299     2.69G   0.04929   0.05588   0.04265    0.1478       182       320   0.02578   0.00735  9.63e-05 1.704e-05   0.08063   0.05447    0.0469
    13/299     2.69G   0.04915   0.05563   0.04237    0.1472       170       320   0.03831  0.006619 0.0001071 1.859e-05   0.08049   0.05458    0.0465
    14/299     2.69G   0.04901   0.05595   0.04201     0.147       193       320   0.01322  0.008452 0.0001079 1.917e-05   0.08031   0.05465   0.04605
    15/299      2.7G   0.04889   0.05605   0.04172    0.1467       209       320   0.02575   0.00682 0.0001124 1.929e-05   0.08017    0.0547   0.04567
    16/299      2.7G   0.04881   0.05592   0.04148    0.1462       177       320   0.02581  0.005786  0.000115 1.975e-05   0.08005   0.05465   0.04528
    17/299      2.7G   0.04868   0.05602   0.04125     0.146       180       320   0.02578  0.005596 0.0001155  2.09e-05    0.0799   0.05467   0.04489
    18/299      2.7G   0.04867   0.05607   0.04108    0.1458       260       320   0.01323  0.007332  0.000147 2.405e-05   0.07974    0.0547   0.04453
    19/299      2.7G   0.04862   0.05601    0.0408    0.1454       240       320   0.01322  0.007083 0.0001473 2.419e-05   0.07959    0.0547   0.04417
    20/299      2.7G   0.04846   0.05589   0.04069     0.145       153       320   0.01323  0.006246 0.0001432  2.22e-05   0.07947   0.05466   0.04382
    21/299      2.7G   0.04841   0.05598   0.04055    0.1449       165       320   0.01319  0.007511 9.345e-05 1.937e-05   0.07933   0.05455   0.04345
    22/299      2.7G   0.04832   0.05608   0.04031    0.1447       221       320   0.02576  0.005544 9.865e-05 2.029e-05   0.07921   0.05445   0.04312
    23/299      2.7G   0.04826   0.05616   0.04018    0.1446       194       320   0.01325   0.00681 0.0001005 2.104e-05   0.07909   0.05432    0.0428
    24/299      2.7G   0.04821   0.05596   0.04009    0.1443       288       320   0.01325  0.007746 0.0001046 2.186e-05   0.07896   0.05419   0.04249
    25/299      2.7G   0.04813   0.05607   0.03987    0.1441       148       320   0.02579  0.007583 0.0001087 2.202e-05   0.07883   0.05407   0.04221
    26/299      2.7G   0.04804   0.05601   0.03973    0.1438       197       320    0.0133    0.0088 0.0001073 2.192e-05   0.07869     0.054   0.04196
    27/299      2.7G   0.04803    0.0562   0.03959    0.1438       157       320    0.0134  0.008525 0.0001271 2.544e-05   0.07856   0.05404   0.04175
    28/299      2.7G   0.04798   0.05627   0.03955    0.1438       204       320   0.01342  0.008474 0.0001178  2.42e-05   0.07846   0.05391   0.04156
    29/299      2.7G   0.04801   0.05603   0.03953    0.1436       181       320   0.01343  0.008372 0.0001137 2.325e-05   0.07837   0.05383   0.04138
    30/299      2.7G    0.0479   0.05618   0.03939    0.1435       216       320   0.01342   0.00869 0.0001141 2.309e-05   0.07828   0.05375    0.0412
    31/299      2.7G   0.04781   0.05613   0.03927    0.1432       258       320   0.01344   0.00775 0.0001141 2.259e-05   0.07821   0.05362   0.04103
    32/299      2.7G   0.04781   0.05612   0.03918    0.1431       177       320   0.01346  0.007466  0.000116 2.355e-05   0.07813   0.05361   0.04089
    33/299      2.7G   0.04786   0.05608   0.03914    0.1431       250       320   0.01346  0.007994 0.0001179 2.434e-05   0.07804   0.05354   0.04077
    34/299      2.7G   0.04782   0.05601   0.03912    0.1429       202       320   0.01353  0.007088 0.0001254 2.608e-05     0.078   0.05345   0.04067
    35/299      2.7G   0.04778   0.05631   0.03906    0.1431       157       320   0.01345  0.008004 0.0001258 2.526e-05   0.07794    0.0534   0.04056
    36/299      2.7G   0.04767   0.05615   0.03891    0.1427       157       320   0.01349  0.008179 0.0001281 2.524e-05    0.0779   0.05333    0.0405
    37/299      2.7G   0.04767   0.05624   0.03887    0.1428       204       320   0.01345   0.00799 0.0001255 2.446e-05   0.07785   0.05329   0.04039
    38/299      2.7G   0.04764   0.05636   0.03886    0.1429       231       320   0.01357  0.005959 0.0001372 2.755e-05   0.07781   0.05322    0.0403
    39/299      2.7G   0.04764   0.05629   0.03867    0.1426       148       320   0.01363  0.005719 0.0001359 2.801e-05   0.07774   0.05318    0.0402
    40/299      2.7G   0.04763    0.0561   0.03867    0.1424       242       320   0.01352  0.005872 0.0001351 2.647e-05    0.0777   0.05315   0.04012
    41/299      2.7G    0.0476   0.05617   0.03863    0.1424       149       320   0.01346  0.008045 0.0001279 2.465e-05   0.07766   0.05312   0.04005
    42/299      2.7G   0.04759   0.05631   0.03859    0.1425       157       320   0.01355  0.006496   0.00013 2.413e-05   0.07763   0.05308   0.03997
    43/299      2.7G   0.04745   0.05607   0.03845     0.142       165       320   0.01344   0.00952 0.0001274 2.382e-05    0.0776   0.05309   0.03995
    44/299      2.7G   0.04754   0.05621   0.03846    0.1422       172       320   0.01349  0.008442 0.0001196 2.292e-05   0.07756   0.05306   0.03987
    45/299      2.7G   0.04743   0.05628   0.03846    0.1422       240       320   0.01347  0.008066 0.0001179 2.235e-05   0.07751     0.053    0.0398
    46/299      2.7G   0.04744   0.05626   0.03835    0.1421       224       320   0.01345  0.007804 0.0001174 2.245e-05   0.07748   0.05298   0.03975
    47/299      2.7G   0.04745   0.05642   0.03828    0.1421       189       320   0.01341  0.007881   0.00012 2.245e-05   0.07746   0.05297    0.0397
    48/299      2.7G   0.04735   0.05631   0.03824    0.1419       177       320   0.01342  0.008928 0.0001194 2.255e-05   0.07743   0.05292   0.03965
    49/299      2.7G   0.04731    0.0565   0.03814     0.142       212       320   0.01349    0.0086 0.0001206 2.285e-05    0.0774   0.05293   0.03957
    50/299      2.7G   0.04732   0.05626   0.03822    0.1418       250       320   0.01347  0.008225 0.0001262 2.306e-05   0.07737   0.05291   0.03951
    51/299      2.7G   0.04735   0.05645   0.03808    0.1419       175       320   0.01342  0.008974  0.000124 2.232e-05   0.07734   0.05291   0.03946
    52/299      2.7G   0.04737    0.0562   0.03823    0.1418       208       320   0.01345  0.007907 0.0001225 2.193e-05    0.0773   0.05289    0.0394
    53/299      2.7G   0.04732    0.0563   0.03802    0.1416       205       320   0.01345  0.007687 0.0001271 2.267e-05   0.07728   0.05289   0.03936
    54/299      2.7G   0.04726   0.05616   0.03797    0.1414       213       320   0.01347  0.008634 0.0001277 2.263e-05   0.07726   0.05286   0.03933
    55/299      2.7G   0.04722   0.05627   0.03792    0.1414       152       320   0.01347  0.007967 0.0001251  2.19e-05   0.07724   0.05284    0.0393
    56/299      2.7G    0.0472   0.05631   0.03781    0.1413       174       320   0.01344    0.0082 0.0001238 2.232e-05   0.07722   0.05285   0.03925
    57/299      2.7G   0.04722   0.05651   0.03782    0.1415       259       320   0.01344  0.008165  0.000123 2.186e-05   0.07717   0.05286   0.03923
    58/299      2.7G   0.04715   0.05627   0.03771    0.1411       185       320   0.01343  0.007505  0.000119 2.152e-05   0.07711   0.05288   0.03922
    59/299      2.7G   0.04717   0.05626   0.03787    0.1413       233       320   0.01341  0.007435 0.0001234 2.219e-05   0.07709   0.05289   0.03917
    60/299      2.7G   0.04716   0.05628   0.03771    0.1411       227       320   0.01339  0.007917 0.0001224 2.217e-05   0.07708   0.05289   0.03912
    61/299      2.7G   0.04715    0.0564   0.03768    0.1412       186       320   0.03856  0.003222 0.0001277 2.263e-05   0.07706   0.05288    0.0391
    62/299      2.7G   0.04714   0.05649   0.03765    0.1413       156       320   0.01335   0.00693 0.0001223 2.189e-05   0.07703   0.05287   0.03906
    63/299      2.7G   0.04716   0.05629   0.03768    0.1411       164       320   0.01332   0.01093  0.000121 2.227e-05   0.07701   0.05289   0.03902
    64/299      2.7G   0.04709   0.05631   0.03748    0.1409       299       320   0.01336  0.007399 0.0001202 2.207e-05   0.07696   0.05291   0.03897
    65/299      2.7G   0.04706   0.05655   0.03756    0.1412       173       320   0.01337  0.008626 0.0001185 2.164e-05   0.07693   0.05288   0.03893
    66/299      2.7G   0.04708   0.05636   0.03756     0.141       189       320   0.01339  0.008354 0.0001158 2.128e-05   0.07691   0.05287   0.03889
    67/299      2.7G   0.04703   0.05629   0.03753    0.1409       186       320   0.01346  0.005466 0.0001142  2.07e-05   0.07691   0.05286   0.03886
    68/299      2.7G   0.04708   0.05656   0.03754    0.1412       231       320    0.0135  0.005758 0.0001152 2.022e-05   0.07688   0.05286   0.03882
    69/299      2.7G   0.04701   0.05654   0.03737    0.1409       208       320   0.01352  0.005476 0.0001197 2.096e-05   0.07686   0.05287   0.03879
    70/299      2.7G   0.04698   0.05655   0.03735    0.1409       135       320   0.01362  0.006925 0.0001284 2.179e-05   0.07684   0.05287   0.03876
    71/299      2.7G   0.04697   0.05623   0.03736    0.1406       242       320   0.01364  0.006907 0.0001303 2.236e-05   0.07685   0.05288   0.03875
    72/299      2.7G   0.04693   0.05654   0.03731    0.1408       251       320   0.01352  0.006937 0.0001309 2.248e-05   0.07683   0.05283    0.0387
    73/299      2.7G    0.0469   0.05656   0.03734    0.1408       149       320   0.01353  0.006565 0.0001273 2.255e-05    0.0768   0.05283   0.03866
    74/299      2.7G   0.04695   0.05658    0.0373    0.1408       155       320   0.01352  0.006435 0.0001295  2.26e-05   0.07677   0.05283   0.03863
    75/299      2.7G   0.04693   0.05656   0.03716    0.1407       140       320   0.01364  0.005441 0.0001299   2.3e-05   0.07676   0.05284   0.03857
    76/299      2.7G   0.04693   0.05648   0.03726    0.1407       173       320    0.0137  0.005581 0.0001324 2.326e-05   0.07675   0.05281   0.03856
    77/299      2.7G   0.04692   0.05641   0.03726    0.1406       209       320   0.01367  0.005403 0.0001281 2.299e-05   0.07674   0.05283   0.03856
    78/299      2.7G   0.04689   0.05685   0.03716    0.1409       181       320   0.01369  0.005387 0.0001252 2.309e-05   0.07672   0.05285   0.03855
    79/299      2.7G   0.04689   0.05651   0.03713    0.1405       235       320   0.01364  0.005624 0.0001246 2.267e-05    0.0767    0.0528   0.03853
    80/299      2.7G   0.04683   0.05624   0.03711    0.1402       191       320   0.01363  0.006257 0.0001328  2.31e-05   0.07666   0.05282    0.0385
    81/299      2.7G    0.0468   0.05629   0.03717    0.1403       179       320   0.02615  0.004656 0.0001316 2.316e-05   0.07665   0.05282    0.0385
    82/299      2.7G   0.04674   0.05631   0.03705    0.1401       133       320    0.0261  0.004666 0.0001272 2.328e-05   0.07664    0.0528   0.03849
    83/299      2.7G   0.04679   0.05639   0.03702    0.1402       205       320   0.02616  0.003813 0.0001287 2.336e-05   0.07663   0.05281   0.03848
    84/299      2.7G   0.04684   0.05639   0.03697    0.1402       233       320   0.02614  0.003959 0.0001276 2.298e-05   0.07664    0.0528   0.03846
    85/299      2.7G    0.0468   0.05657   0.03691    0.1403       185       320    0.0261  0.004704 0.0001298  2.38e-05   0.07662   0.05281   0.03843
    86/299      2.7G    0.0467   0.05662   0.03702    0.1403       267       320    0.0262  0.004683 0.0001351 2.376e-05    0.0766    0.0528   0.03842
    87/299      2.7G   0.04673   0.05666   0.03696    0.1404       197       320   0.02619  0.004382 0.0001399 2.419e-05   0.07659   0.05281    0.0384
    88/299      2.7G   0.04671   0.05626   0.03685    0.1398       224       320   0.02616  0.004068 0.0001307  2.36e-05   0.07658   0.05276   0.03836
    89/299      2.7G   0.04667   0.05653   0.03682      0.14       169       320   0.02616  0.004041 0.0001248 2.237e-05   0.07657   0.05278   0.03834
    90/299      2.7G   0.04674   0.05645   0.03684      0.14       200       320   0.02617  0.003983 0.0001217 2.208e-05   0.07656   0.05281   0.03828
    91/299      2.7G   0.04664   0.05656   0.03672    0.1399       184       320   0.05122  0.003438 0.0001213 2.179e-05   0.07654   0.05279   0.03822
    92/299      2.7G   0.04667   0.05642   0.03668    0.1398       275       320   0.05123  0.003667  0.000135 2.288e-05    0.0765   0.05282    0.0382
    93/299      2.7G   0.04662   0.05666   0.03665    0.1399       337       320    0.0513  0.003529 0.0001191 2.135e-05    0.0765    0.0528   0.03821
    94/299      2.7G   0.04663   0.05635   0.03678    0.1398       193       320   0.05125  0.003415 0.0001183 2.134e-05   0.07649   0.05278    0.0382
    95/299      2.7G   0.04664   0.05641   0.03656    0.1396       178       320   0.05126   0.00359 0.0001206 2.179e-05   0.07647   0.05275   0.03819
    96/299      2.7G   0.04659   0.05663   0.03668    0.1399       234       320   0.01369  0.004393 0.0001226 2.215e-05   0.07646   0.05278   0.03818
    97/299      2.7G   0.04665   0.05661   0.03658    0.1398       158       320    0.0513  0.003663 0.0001201 2.158e-05   0.07644   0.05278   0.03815
    98/299      2.7G   0.04654   0.05636   0.03646    0.1394       144       320   0.03873  0.004088 0.0001214 2.161e-05   0.07643   0.05279    0.0381
    99/299      2.7G   0.04652   0.05662   0.03651    0.1396       194       320    0.0387  0.003999  0.000126 2.257e-05    0.0764   0.05279   0.03806
   100/299      2.7G   0.04653   0.05661   0.03655    0.1397       183       320   0.02617  0.004461 0.0001324  2.29e-05   0.07638    0.0528   0.03806
   101/299      2.7G   0.04654   0.05653   0.03636    0.1394       131       320   0.05126  0.003609 0.0001372 2.377e-05   0.07638   0.05279   0.03805
   102/299      2.7G    0.0465   0.05674   0.03648    0.1397       142       320   0.05137  0.003429 0.0001482 2.519e-05   0.07637    0.0528   0.03804
   103/299      2.7G   0.04654   0.05657    0.0365    0.1396       175       320   0.05123  0.004046 0.0001485 2.559e-05   0.07634   0.05279   0.03801
   104/299      2.7G   0.04649   0.05662   0.03626    0.1394       269       320   0.05131  0.003738 0.0001536 2.584e-05   0.07634   0.05279   0.03799
   105/299      2.7G   0.04648   0.05663   0.03631    0.1394       193       320   0.05137  0.003863 0.0001546 2.577e-05   0.07633   0.05281   0.03796
   106/299      2.7G   0.04646   0.05634   0.03628    0.1391       198       320   0.05134  0.003944 0.0001514 2.532e-05   0.07634   0.05277   0.03793
   107/299      2.7G   0.04644   0.05656   0.03625    0.1393       168       320   0.05126  0.004336 0.0001425 2.448e-05   0.07631   0.05279   0.03792
   108/299      2.7G   0.04644   0.05679    0.0363    0.1395       265       320   0.01378  0.004979  0.000147 2.559e-05    0.0763    0.0528   0.03791
   109/299      2.7G   0.04639   0.05672   0.03617    0.1393       235       320   0.01378  0.005354 0.0001446 2.519e-05   0.07628   0.05278   0.03788
   110/299      2.7G   0.04636   0.05665   0.03613    0.1391       328       320   0.05129  0.003702  0.000141  2.51e-05   0.07625   0.05279   0.03788
   111/299      2.7G   0.04636   0.05671   0.03613    0.1392       201       320   0.05129   0.00372 0.0001361 2.478e-05   0.07623   0.05278   0.03786
   112/299      2.7G   0.04637   0.05679   0.03608    0.1392       140       320   0.05133  0.003616 0.0001386 2.517e-05   0.07621   0.05277   0.03782
   113/299      2.7G   0.04634   0.05668   0.03608    0.1391       314       320   0.02622  0.004189 0.0001342 2.527e-05   0.07619   0.05278   0.03779
   114/299      2.7G    0.0463   0.05633   0.03612    0.1388       224       320   0.05121  0.003908 0.0001283 2.479e-05   0.07619   0.05273   0.03777
   115/299      2.7G   0.04634   0.05661   0.03607     0.139       206       320   0.03874  0.004152 0.0001297 2.443e-05    0.0762   0.05272   0.03774
   116/299      2.7G    0.0463   0.05655   0.03599    0.1388       212       320   0.03869  0.003957 0.0001223 2.413e-05    0.0762   0.05273   0.03771
   117/299      2.7G   0.04619   0.05659   0.03592    0.1387       174       320   0.01368  0.005918 0.0001328 2.616e-05   0.07618    0.0527    0.0377
   118/299      2.7G   0.04621   0.05655   0.03595    0.1387       191       320   0.01364  0.006091 0.0001333 2.605e-05   0.07617   0.05269   0.03766
   119/299      2.7G   0.04615   0.05671    0.0359    0.1388       154       320   0.01359  0.006229 0.0001327 2.592e-05   0.07615   0.05269   0.03764
   120/299      2.7G   0.04624   0.05662   0.03586    0.1387       152       320   0.01361  0.006921  0.000136 2.589e-05   0.07613   0.05273   0.03763
   121/299      2.7G   0.04625   0.05649   0.03585    0.1386       173       320   0.01369  0.006386 0.0001378 2.636e-05   0.07612   0.05272   0.03761
   122/299      2.7G   0.04624   0.05654   0.03582    0.1386       205       320   0.01372  0.006085 0.0001337 2.517e-05    0.0761   0.05274    0.0376
   123/299      2.7G    0.0462    0.0568    0.0357    0.1387       208       320   0.01372  0.006077  0.000145 2.583e-05    0.0761   0.05274    0.0376
   124/299      2.7G    0.0462   0.05661   0.03575    0.1386       256       320   0.01368  0.005704 0.0001461 2.541e-05   0.07609   0.05272   0.03759
   125/299      2.7G   0.04611   0.05662   0.03568    0.1384       183       320   0.01376  0.005806 0.0001514 2.619e-05   0.07609   0.05276    0.0376
   126/299      2.7G   0.04609   0.05678   0.03565    0.1385       231       320   0.01387  0.005948 0.0001552 2.671e-05   0.07609   0.05273   0.03758
   127/299      2.7G   0.04607   0.05661   0.03568    0.1384       167       320   0.01387  0.005898 0.0001565   2.7e-05   0.07608   0.05275   0.03755
   128/299      2.7G   0.04611   0.05687   0.03562    0.1386       216       320   0.01389  0.005658 0.0001552  2.67e-05   0.07608   0.05271    0.0375
   129/299      2.7G   0.04601   0.05653   0.03545     0.138       208       320   0.01394  0.005199 0.0001598 2.721e-05   0.07606   0.05272   0.03749
   130/199   0.0881G   0.05074    0.0305    0.0284    0.1096         1       320    0.7751    0.4774    0.5599    0.1771   0.08204   0.04699   0.03035
   131/199     3.18G   0.03241   0.02923   0.01918   0.08083         8       320    0.8317    0.7451    0.8436    0.5268   0.06927    0.0247    0.0167
   132/199     3.81G   0.03015   0.02804    0.0174   0.07558         8       320    0.7192    0.7644     0.833    0.5533   0.06503   0.02174   0.01988
   133/199     3.82G    0.0289   0.02701    0.0163   0.07221         6       320    0.8151    0.8095    0.8757    0.5332   0.06371   0.02127    0.0159
   134/199     3.82G   0.02788   0.02714   0.01499   0.07001         0       320    0.8131    0.7793    0.8562    0.5494   0.06196   0.02129   0.01662
   135/199     3.82G   0.02761    0.0269   0.01404   0.06855        10       320     0.823    0.7956    0.8806    0.5941   0.05908   0.02104   0.01756
   136/199     3.82G    0.0268   0.02658   0.01324   0.06662        11       320    0.8174    0.8165    0.8875    0.6181   0.05778   0.01971   0.01657
   137/199     3.83G   0.02696   0.02568   0.01289   0.06554         6       320    0.8154    0.8078    0.8924    0.6081   0.05611    0.0196   0.01616
   138/199     3.83G   0.02663   0.02501   0.01289   0.06452        10       320    0.8174    0.8473    0.9069    0.6284   0.05466   0.01999   0.01555
   139/199     3.83G   0.02624   0.02502   0.01245   0.06371         3       320    0.8227    0.8247    0.9009    0.6212   0.05436   0.01965   0.01539
   140/199     3.84G   0.02592    0.0249   0.01161   0.06243         4       320    0.8518    0.8069    0.9062    0.6132    0.0539   0.02008    0.0148
   141/199     3.84G   0.02541   0.02449   0.01135   0.06124         4       320    0.8534    0.8574    0.9242    0.6359   0.05112   0.01969   0.01372
   142/199     3.84G    0.0254   0.02491   0.01134   0.06164         8       320    0.8839    0.8416    0.9261     0.651   0.04971   0.01997   0.01349
   143/199     3.84G   0.02461   0.02372   0.01064   0.05897         0       320    0.8706    0.8573    0.9308    0.6229   0.05045   0.01982   0.01409
   144/199     3.84G   0.02488   0.02363   0.01091   0.05943         1       320    0.8569    0.8372     0.919    0.6407   0.04796   0.01994   0.01445
   145/199     3.84G   0.02425   0.02352   0.01009   0.05786         1       320     0.859    0.8445    0.9181    0.6598   0.04685   0.01967   0.01507
   146/199     3.85G   0.02454   0.02364   0.01045   0.05863         7       320    0.8209    0.8409    0.9066    0.6274   0.04742   0.01977   0.01635
   147/199     3.85G   0.02467   0.02443    0.0101    0.0592         8       320    0.8691    0.8524    0.9273    0.6475   0.04682   0.01981    0.0142
   148/199     3.85G    0.0242   0.02326  0.009722   0.05718         5       320    0.8815    0.8635      0.94     0.677   0.04444    0.0195   0.01385
   149/199     3.85G   0.02431   0.02311    0.0101   0.05752         1       320    0.8395    0.8134    0.9087    0.6454   0.04404   0.01924   0.01783
   150/199     3.85G   0.02427   0.02411  0.009803   0.05818        13       320    0.8833    0.8718    0.9379    0.6869   0.04295   0.01933   0.01416
   151/199     3.85G   0.02413   0.02302  0.009982   0.05713         4       320    0.8533    0.8321     0.924    0.6579    0.0429   0.01977   0.01597
   152/199     3.85G   0.02384   0.02307  0.009509   0.05641         6       320    0.8469    0.8445    0.9199     0.676   0.04323   0.01946   0.01571
   153/199     3.85G   0.02392   0.02283   0.00992   0.05668         4       320    0.8954     0.858    0.9424    0.6803   0.04237   0.01948   0.01474
   154/199     3.85G   0.02366   0.02246   0.00936   0.05548         8       320    0.8735    0.8526    0.9331    0.6958   0.04123   0.01935   0.01437
   155/199     3.85G   0.02359   0.02265  0.009222   0.05546         4       320    0.8611    0.8841     0.944    0.6925   0.04053   0.01927   0.01349
   156/199     3.85G   0.02344    0.0226  0.009062    0.0551         5       320    0.8901    0.8717    0.9445    0.6754     0.042   0.01966   0.01372
   157/199     3.85G   0.02332   0.02203  0.008912   0.05427         4       320    0.8905    0.8383    0.9366    0.6731   0.04228   0.01923   0.01407
   158/199     3.85G   0.02355   0.02251  0.009032   0.05509        10       320    0.9059    0.8783    0.9502    0.7082    0.0407   0.01935   0.01283
   159/199     3.85G   0.02334   0.02279  0.008936   0.05506         9       320    0.8913    0.8465     0.931    0.6881   0.04117   0.01941   0.01498
   160/199     3.85G   0.02316   0.02345  0.009091   0.05569        15       320    0.8634     0.879    0.9459    0.7012   0.04085   0.01946   0.01365
   161/199     3.85G   0.02298    0.0224  0.008717   0.05409         2       320    0.8932    0.8645    0.9481      0.71   0.04035   0.01909   0.01349
   162/199     3.85G   0.02314   0.02178  0.008774    0.0537         2       320    0.8792    0.8819    0.9495    0.7098    0.0408   0.01902   0.01291
   163/199     3.85G   0.02299   0.02166  0.008266   0.05292         2       320    0.8774    0.8602    0.9386    0.6868   0.04087   0.01931   0.01383
   164/199     3.85G   0.02285   0.02187  0.008656   0.05338         2       320    0.8944    0.8773    0.9486    0.7017   0.04111   0.01895   0.01343
   165/199     3.85G   0.02295   0.02215  0.008835   0.05393        12       320    0.8792    0.8787    0.9445     0.708   0.04011     0.019   0.01296
   166/199     3.85G   0.02297   0.02235  0.008318   0.05363         3       320    0.9046    0.8685    0.9518    0.7143   0.04055   0.01886   0.01324
   167/199     3.85G   0.02282   0.02177  0.008029   0.05262        12       320    0.8904    0.8703    0.9452    0.7106   0.04036   0.01876   0.01383
   168/199     3.85G   0.02264   0.02223  0.007998   0.05287         8       320    0.8971    0.8962    0.9523     0.717   0.04042   0.01896   0.01287
   169/199     3.85G    0.0228   0.02187  0.008087   0.05276         6       320    0.9028    0.8536    0.9456    0.7092    0.0406   0.01901   0.01348
   170/199     3.85G   0.02281   0.02205  0.008136     0.053         5       320    0.9012    0.8554    0.9456    0.7061   0.04061   0.01883   0.01397
   171/199     3.85G   0.02268   0.02265  0.008327   0.05365        12       320    0.8994     0.869    0.9517    0.7143   0.04034   0.01894   0.01276
   172/199     3.85G   0.02262   0.02171    0.0078   0.05213         4       320    0.8794    0.8726    0.9418      0.71   0.04032     0.019   0.01552
   173/199     3.86G   0.02265   0.02212  0.007872   0.05264         8       320    0.8898    0.8587    0.9456    0.7135   0.04025   0.01851   0.01356
   174/199     3.86G    0.0223   0.02117   0.00787   0.05134         6       320    0.9049    0.8493    0.9455    0.7136   0.03982   0.01859   0.01335
   175/199     3.86G   0.02258   0.02158  0.007918   0.05208         5       320    0.8798       0.9    0.9539    0.7153   0.03991   0.01864     0.013
   176/199     3.86G   0.02242   0.02157   0.00788   0.05187         9       320     0.891    0.8823    0.9539     0.713   0.04014   0.01865   0.01315
   177/199     3.86G   0.02235   0.02112  0.007337   0.05081         2       320    0.8867    0.8785    0.9488    0.7192    0.0396   0.01871   0.01362
   178/199     3.86G   0.02241   0.02159  0.007568   0.05157         8       320    0.8722    0.8705    0.9466    0.7066   0.03998   0.01875   0.01377
   179/199     3.86G   0.02239   0.02141   0.00778   0.05158         1       320    0.9028    0.8646    0.9491    0.7132   0.03997   0.01854   0.01376
   180/199     3.86G   0.02211   0.02105  0.007428   0.05059         1       320    0.9141    0.8678    0.9519    0.7106   0.04018   0.01868   0.01281
   181/199     3.86G   0.02196   0.02145  0.007123   0.05053         5       320    0.8826     0.873    0.9474    0.7128   0.04024   0.01867   0.01355
   182/199     3.86G   0.02238   0.02182  0.008219   0.05243         7       320    0.8968    0.8539    0.9427    0.7139   0.03969   0.01866   0.01416
   183/199     3.86G   0.02173   0.02121  0.009032   0.05197         2       320    0.8805    0.8637    0.9456    0.7091   0.03993   0.01851   0.01426
   184/199     3.86G   0.02204    0.0208  0.007563    0.0504         4       320    0.9082    0.8524    0.9487    0.7165    0.0397   0.01877   0.01366
   185/199     3.86G   0.02192   0.02072  0.007466   0.05011        11       320    0.8858    0.8798     0.951    0.7149   0.04001    0.0186   0.01361
   186/199     3.86G   0.02215   0.02118  0.007356   0.05069         2       320     0.891    0.8877    0.9542    0.7166   0.04014   0.01866   0.01254
   187/199     3.86G   0.02203   0.02097   0.00759   0.05059         5       320    0.8958    0.8826    0.9538     0.719    0.0398   0.01867   0.01332
   188/199     3.86G   0.02214   0.02141  0.007696   0.05124         4       320    0.8858    0.8653    0.9464    0.7148   0.03957   0.01862   0.01392
   189/199     3.86G   0.02215   0.02203  0.007732   0.05191        11       320    0.9082    0.8723     0.954     0.718   0.03979   0.01862    0.0135
   190/199     3.86G   0.02221   0.02111  0.007418   0.05074         2       320    0.8965    0.8685      0.95    0.7179   0.03987    0.0186   0.01366
   191/199     3.86G   0.02219    0.0218  0.007202   0.05119        23       320    0.9215    0.8608    0.9518    0.7181    0.0399   0.01869   0.01316
   192/199     3.86G   0.02223   0.02147  0.007369   0.05107        19       320     0.913    0.8674    0.9537    0.7163   0.03994   0.01851   0.01293
   193/199     3.86G   0.02206   0.02156  0.007465   0.05108         6       320    0.8954     0.879    0.9515    0.7161   0.03982   0.01856   0.01299
   194/199     3.86G   0.02185   0.02097  0.007308   0.05013         3       320    0.8883    0.8881    0.9526    0.7201   0.03957   0.01846    0.0128
   195/199     3.86G    0.0219   0.02085  0.007333   0.05008        14       320    0.9154    0.8676    0.9544    0.7203   0.03991   0.01856   0.01249
   196/199     3.86G   0.02202   0.02076  0.007425   0.05021         4       320    0.9201    0.8629     0.955    0.7232   0.03956   0.01849   0.01255
   197/199     3.86G   0.02198   0.02106  0.007408   0.05045         1       320    0.8977    0.8797    0.9537    0.7222   0.03955   0.01855   0.01271
   198/199     3.86G   0.02185    0.0213   0.00729   0.05043         7       320    0.9168    0.8608    0.9538     0.722   0.03972   0.01852   0.01249
   199/199     3.86G    0.0218    0.0204  0.007372   0.04958         4       320    0.9137    0.8705    0.9551    0.7221   0.03969   0.01844   0.01259
