     0/299      1.5G   0.06874   0.05057   0.07787    0.1972       313       320   0.06286  0.003727 8.475e-05 2.377e-05   0.09608   0.05241   0.07724
     1/299     2.69G    0.0588   0.05458   0.06685    0.1802       229       320   0.02562   0.00687 4.059e-05 1.008e-05   0.08822   0.05354    0.0676
     2/299     2.69G   0.05538    0.0559   0.05819    0.1695       173       320 0.0004878   0.01803 4.277e-05 1.216e-05   0.08502   0.05388    0.0595
     3/299     2.69G    0.0534   0.05565   0.05251    0.1616       180       320   0.05077  0.003232 5.517e-05 1.137e-05    0.0834   0.05375   0.05461
     4/299     2.69G   0.05208   0.05549   0.04957    0.1571       227       320   0.01305   0.01661 5.682e-05 1.022e-05    0.0825    0.0539   0.05219
     5/299     2.69G    0.0513   0.05549    0.0478    0.1546       161       320   0.02563  0.009589  6.57e-05 1.533e-05   0.08198   0.05384   0.05078
     6/299     2.69G   0.05078   0.05545   0.04662    0.1529       175       320   0.02571  0.008021 7.305e-05 1.683e-05   0.08165   0.05389   0.04983
     7/299     2.69G   0.05041   0.05567   0.04556    0.1516       199       320   0.02577  0.007321 7.647e-05 1.731e-05   0.08145   0.05391   0.04917
     8/299     2.69G   0.05013    0.0558   0.04486    0.1508       289       320   0.02573  0.007787 8.787e-05 1.667e-05   0.08128   0.05398   0.04866
     9/299     2.69G   0.04983   0.05567   0.04414    0.1496       118       320   0.01318   0.01258 8.897e-05 1.639e-05   0.08111    0.0541   0.04818
    10/299     2.69G   0.04961   0.05535   0.04366    0.1486       233       320   0.03828  0.006227 8.983e-05  1.65e-05   0.08094   0.05422   0.04772
    11/299     2.69G   0.04946   0.05577    0.0432    0.1484       195       320   0.02576  0.008643 9.526e-05 1.817e-05    0.0808   0.05433   0.04729
    12/299     2.69G   0.04929   0.05588   0.04265    0.1478       182       320   0.02578   0.00735  9.63e-05 1.704e-05   0.08063   0.05447    0.0469
    13/299     2.69G   0.04915   0.05563   0.04237    0.1472       170       320   0.03831  0.006619 0.0001071 1.859e-05   0.08049   0.05458    0.0465
    14/299     2.69G   0.04901   0.05595   0.04201     0.147       193       320   0.01322  0.008452 0.0001079 1.917e-05   0.08031   0.05465   0.04605
    15/299      2.7G   0.04889   0.05605   0.04172    0.1467       209       320   0.02575   0.00682 0.0001124 1.929e-05   0.08017    0.0547   0.04567
    16/299      2.7G   0.04881   0.05592   0.04148    0.1462       177       320   0.02581  0.005786  0.000115 1.975e-05   0.08005   0.05465   0.04528
    17/299      2.7G   0.04868   0.05602   0.04125     0.146       180       320   0.02578  0.005596 0.0001155  2.09e-05    0.0799   0.05467   0.04489
    18/299      2.7G   0.04867   0.05607   0.04108    0.1458       260       320   0.01323  0.007332  0.000147 2.405e-05   0.07974    0.0547   0.04453
    19/299      2.7G   0.04862   0.05601    0.0408    0.1454       240       320   0.01322  0.007083 0.0001473 2.419e-05   0.07959    0.0547   0.04417
    20/299      2.7G   0.04846   0.05589   0.04069     0.145       153       320   0.01323  0.006246 0.0001432  2.22e-05   0.07947   0.05466   0.04382
    21/299      2.7G   0.04841   0.05598   0.04055    0.1449       165       320   0.01319  0.007511 9.345e-05 1.937e-05   0.07933   0.05455   0.04345
    22/299      2.7G   0.04832   0.05608   0.04031    0.1447       221       320   0.02576  0.005544 9.865e-05 2.029e-05   0.07921   0.05445   0.04312
    23/299      2.7G   0.04826   0.05616   0.04018    0.1446       194       320   0.01325   0.00681 0.0001005 2.104e-05   0.07909   0.05432    0.0428
    24/299      2.7G   0.04821   0.05596   0.04009    0.1443       288       320   0.01325  0.007746 0.0001046 2.186e-05   0.07896   0.05419   0.04249
    25/299      2.7G   0.04813   0.05607   0.03987    0.1441       148       320   0.02579  0.007583 0.0001087 2.202e-05   0.07883   0.05407   0.04221
    26/299      2.7G   0.04804   0.05601   0.03973    0.1438       197       320    0.0133    0.0088 0.0001073 2.192e-05   0.07869     0.054   0.04196
    27/299      2.7G   0.04803    0.0562   0.03959    0.1438       157       320    0.0134  0.008525 0.0001271 2.544e-05   0.07856   0.05404   0.04175
    28/299      2.7G   0.04798   0.05627   0.03955    0.1438       204       320   0.01342  0.008474 0.0001178  2.42e-05   0.07846   0.05391   0.04156
    29/299      2.7G   0.04801   0.05603   0.03953    0.1436       181       320   0.01343  0.008372 0.0001137 2.325e-05   0.07837   0.05383   0.04138
    30/299      2.7G    0.0479   0.05618   0.03939    0.1435       216       320   0.01342   0.00869 0.0001141 2.309e-05   0.07828   0.05375    0.0412
    31/299      2.7G   0.04781   0.05613   0.03927    0.1432       258       320   0.01344   0.00775 0.0001141 2.259e-05   0.07821   0.05362   0.04103
    32/299      2.7G   0.04781   0.05612   0.03918    0.1431       177       320   0.01346  0.007466  0.000116 2.355e-05   0.07813   0.05361   0.04089
    33/299      2.7G   0.04786   0.05608   0.03914    0.1431       250       320   0.01346  0.007994 0.0001179 2.434e-05   0.07804   0.05354   0.04077
    34/299      2.7G   0.04782   0.05601   0.03912    0.1429       202       320   0.01353  0.007088 0.0001254 2.608e-05     0.078   0.05345   0.04067
    35/299      2.7G   0.04778   0.05631   0.03906    0.1431       157       320   0.01345  0.008004 0.0001258 2.526e-05   0.07794    0.0534   0.04056
    36/299      2.7G   0.04767   0.05615   0.03891    0.1427       157       320   0.01349  0.008179 0.0001281 2.524e-05    0.0779   0.05333    0.0405
    37/299      2.7G   0.04767   0.05624   0.03887    0.1428       204       320   0.01345   0.00799 0.0001255 2.446e-05   0.07785   0.05329   0.04039
    38/299      2.7G   0.04764   0.05636   0.03886    0.1429       231       320   0.01357  0.005959 0.0001372 2.755e-05   0.07781   0.05322    0.0403
    39/299      2.7G   0.04764   0.05629   0.03867    0.1426       148       320   0.01363  0.005719 0.0001359 2.801e-05   0.07774   0.05318    0.0402
    40/299      2.7G   0.04763    0.0561   0.03867    0.1424       242       320   0.01352  0.005872 0.0001351 2.647e-05    0.0777   0.05315   0.04012
    41/299      2.7G    0.0476   0.05617   0.03863    0.1424       149       320   0.01346  0.008045 0.0001279 2.465e-05   0.07766   0.05312   0.04005
    42/299      2.7G   0.04759   0.05631   0.03859    0.1425       157       320   0.01355  0.006496   0.00013 2.413e-05   0.07763   0.05308   0.03997
    43/299      2.7G   0.04745   0.05607   0.03845     0.142       165       320   0.01344   0.00952 0.0001274 2.382e-05    0.0776   0.05309   0.03995
    44/299      2.7G   0.04754   0.05621   0.03846    0.1422       172       320   0.01349  0.008442 0.0001196 2.292e-05   0.07756   0.05306   0.03987
    45/299      2.7G   0.04743   0.05628   0.03846    0.1422       240       320   0.01347  0.008066 0.0001179 2.235e-05   0.07751     0.053    0.0398
    46/299      2.7G   0.04744   0.05626   0.03835    0.1421       224       320   0.01345  0.007804 0.0001174 2.245e-05   0.07748   0.05298   0.03975
    47/299      2.7G   0.04745   0.05642   0.03828    0.1421       189       320   0.01341  0.007881   0.00012 2.245e-05   0.07746   0.05297    0.0397
    48/299      2.7G   0.04735   0.05631   0.03824    0.1419       177       320   0.01342  0.008928 0.0001194 2.255e-05   0.07743   0.05292   0.03965
    49/299      2.7G   0.04731    0.0565   0.03814     0.142       212       320   0.01349    0.0086 0.0001206 2.285e-05    0.0774   0.05293   0.03957
    50/299      2.7G   0.04732   0.05626   0.03822    0.1418       250       320   0.01347  0.008225 0.0001262 2.306e-05   0.07737   0.05291   0.03951
    51/299      2.7G   0.04735   0.05645   0.03808    0.1419       175       320   0.01342  0.008974  0.000124 2.232e-05   0.07734   0.05291   0.03946
    52/299      2.7G   0.04737    0.0562   0.03823    0.1418       208       320   0.01345  0.007907 0.0001225 2.193e-05    0.0773   0.05289    0.0394
    53/299      2.7G   0.04732    0.0563   0.03802    0.1416       205       320   0.01345  0.007687 0.0001271 2.267e-05   0.07728   0.05289   0.03936
    54/299      2.7G   0.04726   0.05616   0.03797    0.1414       213       320   0.01347  0.008634 0.0001277 2.263e-05   0.07726   0.05286   0.03933
    55/299      2.7G   0.04722   0.05627   0.03792    0.1414       152       320   0.01347  0.007967 0.0001251  2.19e-05   0.07724   0.05284    0.0393
    56/299      2.7G    0.0472   0.05631   0.03781    0.1413       174       320   0.01344    0.0082 0.0001238 2.232e-05   0.07722   0.05285   0.03925
    57/299      2.7G   0.04722   0.05651   0.03782    0.1415       259       320   0.01344  0.008165  0.000123 2.186e-05   0.07717   0.05286   0.03923
    58/299      2.7G   0.04715   0.05627   0.03771    0.1411       185       320   0.01343  0.007505  0.000119 2.152e-05   0.07711   0.05288   0.03922
    59/299      2.7G   0.04717   0.05626   0.03787    0.1413       233       320   0.01341  0.007435 0.0001234 2.219e-05   0.07709   0.05289   0.03917
    60/299      2.7G   0.04716   0.05628   0.03771    0.1411       227       320   0.01339  0.007917 0.0001224 2.217e-05   0.07708   0.05289   0.03912
    61/299      2.7G   0.04715    0.0564   0.03768    0.1412       186       320   0.03856  0.003222 0.0001277 2.263e-05   0.07706   0.05288    0.0391
    62/299      2.7G   0.04714   0.05649   0.03765    0.1413       156       320   0.01335   0.00693 0.0001223 2.189e-05   0.07703   0.05287   0.03906
    63/299      2.7G   0.04716   0.05629   0.03768    0.1411       164       320   0.01332   0.01093  0.000121 2.227e-05   0.07701   0.05289   0.03902
    64/299      2.7G   0.04709   0.05631   0.03748    0.1409       299       320   0.01336  0.007399 0.0001202 2.207e-05   0.07696   0.05291   0.03897
    65/299      2.7G   0.04706   0.05655   0.03756    0.1412       173       320   0.01337  0.008626 0.0001185 2.164e-05   0.07693   0.05288   0.03893
    66/299      2.7G   0.04708   0.05636   0.03756     0.141       189       320   0.01339  0.008354 0.0001158 2.128e-05   0.07691   0.05287   0.03889
    67/299      2.7G   0.04703   0.05629   0.03753    0.1409       186       320   0.01346  0.005466 0.0001142  2.07e-05   0.07691   0.05286   0.03886
    68/299      2.7G   0.04708   0.05656   0.03754    0.1412       231       320    0.0135  0.005758 0.0001152 2.022e-05   0.07688   0.05286   0.03882
    69/299      2.7G   0.04701   0.05654   0.03737    0.1409       208       320   0.01352  0.005476 0.0001197 2.096e-05   0.07686   0.05287   0.03879
    70/299      2.7G   0.04698   0.05655   0.03735    0.1409       135       320   0.01362  0.006925 0.0001284 2.179e-05   0.07684   0.05287   0.03876
    71/299      2.7G   0.04697   0.05623   0.03736    0.1406       242       320   0.01364  0.006907 0.0001303 2.236e-05   0.07685   0.05288   0.03875
    72/299      2.7G   0.04693   0.05654   0.03731    0.1408       251       320   0.01352  0.006937 0.0001309 2.248e-05   0.07683   0.05283    0.0387
    73/299      2.7G    0.0469   0.05656   0.03734    0.1408       149       320   0.01353  0.006565 0.0001273 2.255e-05    0.0768   0.05283   0.03866
    74/299      2.7G   0.04695   0.05658    0.0373    0.1408       155       320   0.01352  0.006435 0.0001295  2.26e-05   0.07677   0.05283   0.03863
    75/299      2.7G   0.04693   0.05656   0.03716    0.1407       140       320   0.01364  0.005441 0.0001299   2.3e-05   0.07676   0.05284   0.03857
    76/299      2.7G   0.04693   0.05648   0.03726    0.1407       173       320    0.0137  0.005581 0.0001324 2.326e-05   0.07675   0.05281   0.03856
    77/299      2.7G   0.04692   0.05641   0.03726    0.1406       209       320   0.01367  0.005403 0.0001281 2.299e-05   0.07674   0.05283   0.03856
    78/299      2.7G   0.04689   0.05685   0.03716    0.1409       181       320   0.01369  0.005387 0.0001252 2.309e-05   0.07672   0.05285   0.03855
    79/299      2.7G   0.04689   0.05651   0.03713    0.1405       235       320   0.01364  0.005624 0.0001246 2.267e-05    0.0767    0.0528   0.03853
    80/299      2.7G   0.04683   0.05624   0.03711    0.1402       191       320   0.01363  0.006257 0.0001328  2.31e-05   0.07666   0.05282    0.0385
    81/299      2.7G    0.0468   0.05629   0.03717    0.1403       179       320   0.02615  0.004656 0.0001316 2.316e-05   0.07665   0.05282    0.0385
    82/299      2.7G   0.04674   0.05631   0.03705    0.1401       133       320    0.0261  0.004666 0.0001272 2.328e-05   0.07664    0.0528   0.03849
    83/299      2.7G   0.04679   0.05639   0.03702    0.1402       205       320   0.02616  0.003813 0.0001287 2.336e-05   0.07663   0.05281   0.03848
    84/299      2.7G   0.04684   0.05639   0.03697    0.1402       233       320   0.02614  0.003959 0.0001276 2.298e-05   0.07664    0.0528   0.03846
    85/299      2.7G    0.0468   0.05657   0.03691    0.1403       185       320    0.0261  0.004704 0.0001298  2.38e-05   0.07662   0.05281   0.03843
    86/299      2.7G    0.0467   0.05662   0.03702    0.1403       267       320    0.0262  0.004683 0.0001351 2.376e-05    0.0766    0.0528   0.03842
    87/299      2.7G   0.04673   0.05666   0.03696    0.1404       197       320   0.02619  0.004382 0.0001399 2.419e-05   0.07659   0.05281    0.0384
    88/299      2.7G   0.04671   0.05626   0.03685    0.1398       224       320   0.02616  0.004068 0.0001307  2.36e-05   0.07658   0.05276   0.03836
    89/299      2.7G   0.04667   0.05653   0.03682      0.14       169       320   0.02616  0.004041 0.0001248 2.237e-05   0.07657   0.05278   0.03834
    90/299      2.7G   0.04674   0.05645   0.03684      0.14       200       320   0.02617  0.003983 0.0001217 2.208e-05   0.07656   0.05281   0.03828
    91/299      2.7G   0.04664   0.05656   0.03672    0.1399       184       320   0.05122  0.003438 0.0001213 2.179e-05   0.07654   0.05279   0.03822
    92/299      2.7G   0.04667   0.05642   0.03668    0.1398       275       320   0.05123  0.003667  0.000135 2.288e-05    0.0765   0.05282    0.0382
    93/299      2.7G   0.04662   0.05666   0.03665    0.1399       337       320    0.0513  0.003529 0.0001191 2.135e-05    0.0765    0.0528   0.03821
    94/299      2.7G   0.04663   0.05635   0.03678    0.1398       193       320   0.05125  0.003415 0.0001183 2.134e-05   0.07649   0.05278    0.0382
    95/299      2.7G   0.04664   0.05641   0.03656    0.1396       178       320   0.05126   0.00359 0.0001206 2.179e-05   0.07647   0.05275   0.03819
    96/299      2.7G   0.04659   0.05663   0.03668    0.1399       234       320   0.01369  0.004393 0.0001226 2.215e-05   0.07646   0.05278   0.03818
    97/299      2.7G   0.04665   0.05661   0.03658    0.1398       158       320    0.0513  0.003663 0.0001201 2.158e-05   0.07644   0.05278   0.03815
    98/299      2.7G   0.04654   0.05636   0.03646    0.1394       144       320   0.03873  0.004088 0.0001214 2.161e-05   0.07643   0.05279    0.0381
    99/299      2.7G   0.04652   0.05662   0.03651    0.1396       194       320    0.0387  0.003999  0.000126 2.257e-05    0.0764   0.05279   0.03806
   100/299      2.7G   0.04653   0.05661   0.03655    0.1397       183       320   0.02617  0.004461 0.0001324  2.29e-05   0.07638    0.0528   0.03806
   101/299      2.7G   0.04654   0.05653   0.03636    0.1394       131       320   0.05126  0.003609 0.0001372 2.377e-05   0.07638   0.05279   0.03805
   102/299      2.7G    0.0465   0.05674   0.03648    0.1397       142       320   0.05137  0.003429 0.0001482 2.519e-05   0.07637    0.0528   0.03804
   103/299      2.7G   0.04654   0.05657    0.0365    0.1396       175       320   0.05123  0.004046 0.0001485 2.559e-05   0.07634   0.05279   0.03801
   104/299      2.7G   0.04649   0.05662   0.03626    0.1394       269       320   0.05131  0.003738 0.0001536 2.584e-05   0.07634   0.05279   0.03799
   105/299      2.7G   0.04648   0.05663   0.03631    0.1394       193       320   0.05137  0.003863 0.0001546 2.577e-05   0.07633   0.05281   0.03796
   106/299      2.7G   0.04646   0.05634   0.03628    0.1391       198       320   0.05134  0.003944 0.0001514 2.532e-05   0.07634   0.05277   0.03793
   107/299      2.7G   0.04644   0.05656   0.03625    0.1393       168       320   0.05126  0.004336 0.0001425 2.448e-05   0.07631   0.05279   0.03792
   108/299      2.7G   0.04644   0.05679    0.0363    0.1395       265       320   0.01378  0.004979  0.000147 2.559e-05    0.0763    0.0528   0.03791
   109/299      2.7G   0.04639   0.05672   0.03617    0.1393       235       320   0.01378  0.005354 0.0001446 2.519e-05   0.07628   0.05278   0.03788
   110/299      2.7G   0.04636   0.05665   0.03613    0.1391       328       320   0.05129  0.003702  0.000141  2.51e-05   0.07625   0.05279   0.03788
   111/299      2.7G   0.04636   0.05671   0.03613    0.1392       201       320   0.05129   0.00372 0.0001361 2.478e-05   0.07623   0.05278   0.03786
   112/299      2.7G   0.04637   0.05679   0.03608    0.1392       140       320   0.05133  0.003616 0.0001386 2.517e-05   0.07621   0.05277   0.03782
   113/299      2.7G   0.04634   0.05668   0.03608    0.1391       314       320   0.02622  0.004189 0.0001342 2.527e-05   0.07619   0.05278   0.03779
   114/299      2.7G    0.0463   0.05633   0.03612    0.1388       224       320   0.05121  0.003908 0.0001283 2.479e-05   0.07619   0.05273   0.03777
   115/299      2.7G   0.04634   0.05661   0.03607     0.139       206       320   0.03874  0.004152 0.0001297 2.443e-05    0.0762   0.05272   0.03774
   116/299      2.7G    0.0463   0.05655   0.03599    0.1388       212       320   0.03869  0.003957 0.0001223 2.413e-05    0.0762   0.05273   0.03771
   117/299      2.7G   0.04619   0.05659   0.03592    0.1387       174       320   0.01368  0.005918 0.0001328 2.616e-05   0.07618    0.0527    0.0377
   118/299      2.7G   0.04621   0.05655   0.03595    0.1387       191       320   0.01364  0.006091 0.0001333 2.605e-05   0.07617   0.05269   0.03766
   119/299      2.7G   0.04615   0.05671    0.0359    0.1388       154       320   0.01359  0.006229 0.0001327 2.592e-05   0.07615   0.05269   0.03764
   120/299      2.7G   0.04624   0.05662   0.03586    0.1387       152       320   0.01361  0.006921  0.000136 2.589e-05   0.07613   0.05273   0.03763
   121/299      2.7G   0.04625   0.05649   0.03585    0.1386       173       320   0.01369  0.006386 0.0001378 2.636e-05   0.07612   0.05272   0.03761
   122/299      2.7G   0.04624   0.05654   0.03582    0.1386       205       320   0.01372  0.006085 0.0001337 2.517e-05    0.0761   0.05274    0.0376
   123/299      2.7G    0.0462    0.0568    0.0357    0.1387       208       320   0.01372  0.006077  0.000145 2.583e-05    0.0761   0.05274    0.0376
   124/299      2.7G    0.0462   0.05661   0.03575    0.1386       256       320   0.01368  0.005704 0.0001461 2.541e-05   0.07609   0.05272   0.03759
   125/299      2.7G   0.04611   0.05662   0.03568    0.1384       183       320   0.01376  0.005806 0.0001514 2.619e-05   0.07609   0.05276    0.0376
   126/299      2.7G   0.04609   0.05678   0.03565    0.1385       231       320   0.01387  0.005948 0.0001552 2.671e-05   0.07609   0.05273   0.03758
   127/299      2.7G   0.04607   0.05661   0.03568    0.1384       167       320   0.01387  0.005898 0.0001565   2.7e-05   0.07608   0.05275   0.03755
   128/299      2.7G   0.04611   0.05687   0.03562    0.1386       216       320   0.01389  0.005658 0.0001552  2.67e-05   0.07608   0.05271    0.0375
   129/299      2.7G   0.04601   0.05653   0.03545     0.138       208       320   0.01394  0.005199 0.0001598 2.721e-05   0.07606   0.05272   0.03749
   130/199   0.0902G   0.05717   0.04016   0.02941    0.1267        10       320     0.527    0.6066    0.5359    0.1606   0.08304   0.03732   0.02936
   131/199     3.18G   0.04238   0.04171   0.02201    0.1061         6       320    0.7803    0.8119    0.8565    0.5322   0.05562   0.02744   0.02275
   132/199     3.81G   0.04043   0.03896   0.02016   0.09954         7       320    0.8425    0.7684    0.8547    0.4931   0.05824   0.02916   0.02206
   133/199     3.82G   0.03717   0.03844   0.01911   0.09472         5       320    0.8318    0.7979    0.8803    0.5554   0.05802    0.0259   0.02372
   134/199     3.82G   0.03464   0.03725   0.01768   0.08956         5       320    0.7926    0.8525    0.8935    0.5646   0.05833    0.0247   0.02345
   135/199     3.82G   0.03463   0.03687    0.0172    0.0887        10       320    0.8077    0.8423    0.9018    0.5907   0.05905   0.02362   0.02273
   136/199     3.82G   0.03322   0.03626   0.01635   0.08583         6       320    0.8707    0.8085    0.9123    0.6163   0.05957   0.02271   0.02171
   137/199     3.83G    0.0322   0.03513   0.01647    0.0838         6       320    0.8358    0.8403    0.9125    0.6485   0.05874   0.02308   0.02128
   138/199     3.83G   0.03238   0.03524   0.01578    0.0834         7       320    0.8283    0.8608    0.9229    0.6024   0.05962   0.02339   0.02148
   139/199     3.83G   0.03187     0.035   0.01587   0.08274         6       320    0.8868    0.8356    0.9241    0.6353   0.05988   0.02322   0.02094
   140/199     3.84G   0.03157   0.03582   0.01596   0.08335        19       320     0.864     0.816    0.9127    0.6494   0.05897   0.02227   0.02153
   141/199     3.84G   0.03097   0.03404   0.01527   0.08028         2       320    0.8248    0.8398    0.9108    0.6338   0.05938   0.02259   0.02172
   142/199     3.84G   0.03116   0.03418   0.01504   0.08038         4       320    0.8254    0.8453    0.9147    0.6547   0.05883   0.02182   0.02133
   143/199     3.84G   0.03042   0.03378   0.01508   0.07928         4       320    0.8156    0.8457    0.9135    0.6373   0.05877   0.02245   0.02145
   144/199     3.84G   0.03017   0.03416   0.01474   0.07907         5       320    0.8665    0.8424    0.9298    0.6665    0.0587   0.02205   0.02056
   145/199     3.84G   0.02977   0.03395   0.01473   0.07844         5       320    0.8179    0.8736    0.9192    0.6541   0.05821   0.02224   0.02057
   146/199     3.85G   0.02979   0.03381   0.01398   0.07758         6       320    0.8641    0.8655    0.9331    0.6767   0.05796   0.02168    0.0203
   147/199     3.85G   0.02922   0.03372    0.0143   0.07724         9       320    0.8332    0.8727    0.9246    0.6595    0.0583    0.0213    0.0214
   148/199     3.85G   0.02952   0.03384   0.01389   0.07725         9       320    0.8157    0.8406    0.9105    0.6505    0.0576   0.02175   0.02268
   149/199     3.85G   0.02872   0.03346   0.01431   0.07649         6       320    0.8612    0.8397    0.9262    0.6738   0.05723   0.02153   0.02181
   150/199     3.85G   0.02888   0.03355   0.01333   0.07577         8       320    0.8967    0.8516     0.937    0.6873   0.05642   0.02141   0.02101
   151/199     3.85G   0.02888   0.03292   0.01447   0.07628         3       320    0.8243    0.8427    0.9177    0.6691   0.05663   0.02088   0.02368
   152/199     3.85G   0.02888   0.03337    0.0133   0.07555         4       320    0.8443    0.8677    0.9321    0.6846    0.0559   0.02119   0.02239
   153/199     3.85G   0.02839   0.03318    0.0132   0.07477         7       320    0.9127    0.8429    0.9416    0.6752   0.05631   0.02117   0.02192
   154/199     3.85G   0.02791   0.03298   0.01304   0.07393         2       320    0.8713    0.8716    0.9417    0.6738   0.05581   0.02168   0.02212
   155/199     3.85G   0.02798   0.03409   0.01313   0.07521        12       320    0.8917    0.8621    0.9433    0.6857   0.05554   0.02107   0.02211
   156/199     3.85G   0.02788    0.0328   0.01322   0.07391        10       320    0.8676    0.8875    0.9421    0.7039   0.05495   0.02121   0.02228
   157/199     3.85G   0.02832    0.0336   0.01283   0.07474         5       320    0.8176    0.8565    0.9231    0.6803   0.05519   0.02113   0.02591
   158/199     3.85G   0.02777   0.03287   0.01326   0.07391         2       320    0.8699    0.8633    0.9391    0.6894    0.0546   0.02102   0.02337
   159/199     3.85G   0.02786   0.03303   0.01259   0.07348        13       320    0.8872    0.8581    0.9388      0.71    0.0542   0.02056   0.02244
   160/199     3.85G   0.02751   0.03254   0.01301   0.07306         7       320    0.8251     0.864    0.9311      0.68   0.05388   0.02106   0.02456
   161/199     3.85G    0.0271   0.03209   0.01189   0.07108         2       320    0.8798     0.879    0.9478    0.7077   0.05349   0.02111   0.02211
   162/199     3.85G   0.02715    0.0319   0.01218   0.07124         4       320    0.8568    0.8781    0.9387    0.7041   0.05316   0.02067    0.0229
   163/199     3.85G   0.02692   0.03193   0.01251   0.07136         3       320    0.8358    0.8718    0.9349    0.7014   0.05269   0.02071   0.02272
   164/199     3.85G   0.02734   0.03249   0.01219   0.07202        11       320     0.886    0.8747    0.9468    0.7102   0.05247   0.02097   0.02187
   165/199     3.85G   0.02692     0.032   0.01194   0.07085         8       320    0.8839     0.832    0.9367    0.6956   0.05188     0.021   0.02335
   166/199     3.85G   0.02694     0.032   0.01156    0.0705        10       320     0.899    0.8864    0.9517    0.7168   0.05211   0.02068   0.02157
   167/199     3.85G   0.02676   0.03127   0.01173   0.06976         2       320    0.8706    0.8783     0.941    0.7044   0.05155   0.02092   0.02226
   168/199     3.85G   0.02658   0.03189   0.01166   0.07013         2       320    0.8056    0.8844    0.9334    0.6934   0.05131   0.02086   0.02414
   169/199     3.85G   0.02674   0.03275   0.01181    0.0713        10       320    0.8961    0.8622    0.9482    0.7094   0.05109   0.02109   0.02285
   170/199     3.85G    0.0264   0.03203   0.01143   0.06986        14       320    0.8761    0.8732     0.947    0.7024    0.0506   0.02074    0.0224
   171/199     3.85G   0.02621   0.03129   0.01104   0.06854         1       320    0.8833    0.8803    0.9481    0.7156   0.04966   0.02065   0.02172
   172/199     3.85G   0.02619   0.03143   0.01156   0.06917         6       320    0.8759    0.8732    0.9459    0.7127   0.04915   0.02105    0.0226
   173/199     3.85G   0.02647   0.03136   0.01154   0.06937         8       320    0.8751    0.8673    0.9443    0.7121   0.04867   0.02091   0.02273
   174/199     3.85G   0.02668   0.03199   0.01128   0.06995        15       320    0.9018    0.8824    0.9525    0.7223   0.04845   0.02057   0.02194
   175/199     3.85G   0.02658   0.03172   0.01128   0.06958        10       320    0.8797    0.8586    0.9419    0.7125   0.04782   0.02073    0.0234
   176/199     3.85G   0.02606   0.03105    0.0117   0.06881         5       320     0.889    0.8794    0.9504    0.7192   0.04783   0.02082   0.02282
   177/199     3.85G   0.02652   0.03211   0.01136   0.06999         7       320    0.8833    0.8688    0.9465     0.715   0.04765   0.02103   0.02312
   178/199     3.85G   0.02674    0.0314   0.01097   0.06911         5       320    0.8824    0.8785     0.948    0.7165   0.04711   0.02082   0.02354
   179/199     3.85G   0.02645   0.03143   0.01154   0.06941         9       320    0.9054    0.8584    0.9487    0.7154   0.04651   0.02072   0.02342
   180/199     3.85G   0.02612   0.03157   0.01131   0.06899         2       320    0.8991    0.8597    0.9488    0.7171   0.04584    0.0209   0.02335
   181/199     3.85G    0.0263   0.03164   0.01076    0.0687         5       320    0.8898    0.8555    0.9438    0.7142   0.04528   0.02096   0.02346
   182/199     3.85G   0.02599   0.03142   0.01119    0.0686         2       320    0.8865    0.8944    0.9531    0.7192    0.0454   0.02092   0.02288
   183/199     3.85G   0.02598   0.03142   0.01108   0.06849        10       320    0.8988    0.8966    0.9589    0.7296   0.04511   0.02067   0.02285
   184/199     3.85G   0.02584   0.03091   0.01097   0.06772        12       320    0.9077    0.8653    0.9534     0.717   0.04474   0.02075   0.02316
   185/199     3.85G   0.02621   0.03191   0.01081   0.06892        18       320     0.912    0.8653    0.9521    0.7215   0.04451   0.02087   0.02384
   186/199     3.85G   0.02621   0.03158    0.0107   0.06849         8       320    0.8934    0.8952    0.9547    0.7237    0.0442   0.02081   0.02303
   187/199     3.85G   0.02576   0.03148   0.01036    0.0676        13       320    0.9086    0.8647    0.9534    0.7236   0.04435   0.02085   0.02339
   188/199     3.85G    0.0263   0.03269   0.01133   0.07032        12       320    0.9047    0.8648    0.9508    0.7212   0.04387    0.0207   0.02376
   189/199     3.85G   0.02598   0.03049   0.01113    0.0676         6       320    0.8893    0.8829    0.9509    0.7202   0.04385   0.02074   0.02427
   190/199     3.85G   0.02552   0.03041   0.01063   0.06656         9       320     0.897    0.8902    0.9556    0.7209    0.0439   0.02062   0.02361
   191/199     3.85G   0.02638   0.03119   0.01072   0.06829         3       320    0.8949     0.888    0.9558    0.7223    0.0436   0.02083   0.02343
   192/199     3.85G   0.02644   0.03214   0.01121   0.06979        12       320    0.9116    0.8766    0.9548    0.7199    0.0435   0.02074   0.02315
   193/199     3.85G   0.02605   0.03245   0.01114   0.06964        22       320    0.8977    0.8953    0.9573     0.726   0.04341   0.02071   0.02357
   194/199     3.85G   0.02568   0.03071   0.01077   0.06716         2       320    0.8868    0.9151    0.9593    0.7263   0.04335   0.02069   0.02319
   195/199     3.85G   0.02575   0.03059   0.01074   0.06707         4       320    0.8921    0.9047    0.9578    0.7252   0.04322   0.02066   0.02295
   196/199     3.85G   0.02574   0.03076   0.01072   0.06723         3       320    0.9046    0.8982    0.9593    0.7292    0.0429   0.02066   0.02304
   197/199     3.85G   0.02553   0.03113   0.01051   0.06718         3       320    0.9153    0.8819    0.9574    0.7266   0.04285   0.02062   0.02339
   198/199     3.85G   0.02577   0.03113   0.01143   0.06833         3       320    0.8899    0.9046    0.9573    0.7256   0.04293   0.02075   0.02323
   199/199     3.85G   0.02589   0.03084   0.01073   0.06747         7       320    0.8987    0.8946    0.9578    0.7279   0.04279   0.02061   0.02344
