average_presicion_U = 0.946643323668362
average_presicion_P = 0.9717031569740389
average_presicion_D = 0.9527995183922235