COCO METRICS:
AP: 0.7271724704932813
AP50: 0.9490310076565844
AP75: 0.8633813645473573
APsmall: 0.2592689983284043
APmedium: 0.6717475828348483
APlarge: 0.7721243158780545
AR1: 0.5372417119307324
AR10: 0.806932827048979
AR100: 0.8073987313268274
ARsmall: 0.4230769230769231
ARmedium: 0.7532217434114997
ARlarge: 0.8511206123187612

PASCAL METRIC (AP per class)
U: 0.946643323668362
P: 0.9717031569740389
D: 0.9527995183922235

PASCAL METRIC (mAP)
mAP: 0.9570486663448747