     0/299      1.5G   0.06874   0.05057   0.07787    0.1972       313       320   0.06286  0.003727 8.475e-05 2.377e-05   0.09608   0.05241   0.07724
     1/299     2.69G    0.0588   0.05458   0.06685    0.1802       229       320   0.02562   0.00687 4.059e-05 1.008e-05   0.08822   0.05354    0.0676
     2/299     2.69G   0.05538    0.0559   0.05819    0.1695       173       320 0.0004878   0.01803 4.277e-05 1.216e-05   0.08502   0.05388    0.0595
     3/299     2.69G    0.0534   0.05565   0.05251    0.1616       180       320   0.05077  0.003232 5.517e-05 1.137e-05    0.0834   0.05375   0.05461
     4/299     2.69G   0.05208   0.05549   0.04957    0.1571       227       320   0.01305   0.01661 5.682e-05 1.022e-05    0.0825    0.0539   0.05219
     5/299     2.69G    0.0513   0.05549    0.0478    0.1546       161       320   0.02563  0.009589  6.57e-05 1.533e-05   0.08198   0.05384   0.05078
     6/299     2.69G   0.05078   0.05545   0.04662    0.1529       175       320   0.02571  0.008021 7.305e-05 1.683e-05   0.08165   0.05389   0.04983
     7/299     2.69G   0.05041   0.05567   0.04556    0.1516       199       320   0.02577  0.007321 7.647e-05 1.731e-05   0.08145   0.05391   0.04917
     8/299     2.69G   0.05013    0.0558   0.04486    0.1508       289       320   0.02573  0.007787 8.787e-05 1.667e-05   0.08128   0.05398   0.04866
     9/299     2.69G   0.04983   0.05567   0.04414    0.1496       118       320   0.01318   0.01258 8.897e-05 1.639e-05   0.08111    0.0541   0.04818
    10/299     2.69G   0.04961   0.05535   0.04366    0.1486       233       320   0.03828  0.006227 8.983e-05  1.65e-05   0.08094   0.05422   0.04772
    11/299     2.69G   0.04946   0.05577    0.0432    0.1484       195       320   0.02576  0.008643 9.526e-05 1.817e-05    0.0808   0.05433   0.04729
    12/299     2.69G   0.04929   0.05588   0.04265    0.1478       182       320   0.02578   0.00735  9.63e-05 1.704e-05   0.08063   0.05447    0.0469
    13/299     2.69G   0.04915   0.05563   0.04237    0.1472       170       320   0.03831  0.006619 0.0001071 1.859e-05   0.08049   0.05458    0.0465
    14/299     2.69G   0.04901   0.05595   0.04201     0.147       193       320   0.01322  0.008452 0.0001079 1.917e-05   0.08031   0.05465   0.04605
    15/299      2.7G   0.04889   0.05605   0.04172    0.1467       209       320   0.02575   0.00682 0.0001124 1.929e-05   0.08017    0.0547   0.04567
    16/299      2.7G   0.04881   0.05592   0.04148    0.1462       177       320   0.02581  0.005786  0.000115 1.975e-05   0.08005   0.05465   0.04528
    17/299      2.7G   0.04868   0.05602   0.04125     0.146       180       320   0.02578  0.005596 0.0001155  2.09e-05    0.0799   0.05467   0.04489
    18/299      2.7G   0.04867   0.05607   0.04108    0.1458       260       320   0.01323  0.007332  0.000147 2.405e-05   0.07974    0.0547   0.04453
    19/299      2.7G   0.04862   0.05601    0.0408    0.1454       240       320   0.01322  0.007083 0.0001473 2.419e-05   0.07959    0.0547   0.04417
    20/299      2.7G   0.04846   0.05589   0.04069     0.145       153       320   0.01323  0.006246 0.0001432  2.22e-05   0.07947   0.05466   0.04382
    21/299      2.7G   0.04841   0.05598   0.04055    0.1449       165       320   0.01319  0.007511 9.345e-05 1.937e-05   0.07933   0.05455   0.04345
    22/299      2.7G   0.04832   0.05608   0.04031    0.1447       221       320   0.02576  0.005544 9.865e-05 2.029e-05   0.07921   0.05445   0.04312
    23/299      2.7G   0.04826   0.05616   0.04018    0.1446       194       320   0.01325   0.00681 0.0001005 2.104e-05   0.07909   0.05432    0.0428
    24/299      2.7G   0.04821   0.05596   0.04009    0.1443       288       320   0.01325  0.007746 0.0001046 2.186e-05   0.07896   0.05419   0.04249
    25/299      2.7G   0.04813   0.05607   0.03987    0.1441       148       320   0.02579  0.007583 0.0001087 2.202e-05   0.07883   0.05407   0.04221
    26/299      2.7G   0.04804   0.05601   0.03973    0.1438       197       320    0.0133    0.0088 0.0001073 2.192e-05   0.07869     0.054   0.04196
    27/299      2.7G   0.04803    0.0562   0.03959    0.1438       157       320    0.0134  0.008525 0.0001271 2.544e-05   0.07856   0.05404   0.04175
    28/299      2.7G   0.04798   0.05627   0.03955    0.1438       204       320   0.01342  0.008474 0.0001178  2.42e-05   0.07846   0.05391   0.04156
    29/299      2.7G   0.04801   0.05603   0.03953    0.1436       181       320   0.01343  0.008372 0.0001137 2.325e-05   0.07837   0.05383   0.04138
    30/299      2.7G    0.0479   0.05618   0.03939    0.1435       216       320   0.01342   0.00869 0.0001141 2.309e-05   0.07828   0.05375    0.0412
    31/299      2.7G   0.04781   0.05613   0.03927    0.1432       258       320   0.01344   0.00775 0.0001141 2.259e-05   0.07821   0.05362   0.04103
    32/299      2.7G   0.04781   0.05612   0.03918    0.1431       177       320   0.01346  0.007466  0.000116 2.355e-05   0.07813   0.05361   0.04089
    33/299      2.7G   0.04786   0.05608   0.03914    0.1431       250       320   0.01346  0.007994 0.0001179 2.434e-05   0.07804   0.05354   0.04077
    34/299      2.7G   0.04782   0.05601   0.03912    0.1429       202       320   0.01353  0.007088 0.0001254 2.608e-05     0.078   0.05345   0.04067
    35/299      2.7G   0.04778   0.05631   0.03906    0.1431       157       320   0.01345  0.008004 0.0001258 2.526e-05   0.07794    0.0534   0.04056
    36/299      2.7G   0.04767   0.05615   0.03891    0.1427       157       320   0.01349  0.008179 0.0001281 2.524e-05    0.0779   0.05333    0.0405
    37/299      2.7G   0.04767   0.05624   0.03887    0.1428       204       320   0.01345   0.00799 0.0001255 2.446e-05   0.07785   0.05329   0.04039
    38/299      2.7G   0.04764   0.05636   0.03886    0.1429       231       320   0.01357  0.005959 0.0001372 2.755e-05   0.07781   0.05322    0.0403
    39/299      2.7G   0.04764   0.05629   0.03867    0.1426       148       320   0.01363  0.005719 0.0001359 2.801e-05   0.07774   0.05318    0.0402
    40/299      2.7G   0.04763    0.0561   0.03867    0.1424       242       320   0.01352  0.005872 0.0001351 2.647e-05    0.0777   0.05315   0.04012
    41/299      2.7G    0.0476   0.05617   0.03863    0.1424       149       320   0.01346  0.008045 0.0001279 2.465e-05   0.07766   0.05312   0.04005
    42/299      2.7G   0.04759   0.05631   0.03859    0.1425       157       320   0.01355  0.006496   0.00013 2.413e-05   0.07763   0.05308   0.03997
    43/299      2.7G   0.04745   0.05607   0.03845     0.142       165       320   0.01344   0.00952 0.0001274 2.382e-05    0.0776   0.05309   0.03995
    44/299      2.7G   0.04754   0.05621   0.03846    0.1422       172       320   0.01349  0.008442 0.0001196 2.292e-05   0.07756   0.05306   0.03987
    45/299      2.7G   0.04743   0.05628   0.03846    0.1422       240       320   0.01347  0.008066 0.0001179 2.235e-05   0.07751     0.053    0.0398
    46/299      2.7G   0.04744   0.05626   0.03835    0.1421       224       320   0.01345  0.007804 0.0001174 2.245e-05   0.07748   0.05298   0.03975
    47/299      2.7G   0.04745   0.05642   0.03828    0.1421       189       320   0.01341  0.007881   0.00012 2.245e-05   0.07746   0.05297    0.0397
    48/299      2.7G   0.04735   0.05631   0.03824    0.1419       177       320   0.01342  0.008928 0.0001194 2.255e-05   0.07743   0.05292   0.03965
    49/299      2.7G   0.04731    0.0565   0.03814     0.142       212       320   0.01349    0.0086 0.0001206 2.285e-05    0.0774   0.05293   0.03957
    50/299      2.7G   0.04732   0.05626   0.03822    0.1418       250       320   0.01347  0.008225 0.0001262 2.306e-05   0.07737   0.05291   0.03951
    51/299      2.7G   0.04735   0.05645   0.03808    0.1419       175       320   0.01342  0.008974  0.000124 2.232e-05   0.07734   0.05291   0.03946
    52/299      2.7G   0.04737    0.0562   0.03823    0.1418       208       320   0.01345  0.007907 0.0001225 2.193e-05    0.0773   0.05289    0.0394
    53/299      2.7G   0.04732    0.0563   0.03802    0.1416       205       320   0.01345  0.007687 0.0001271 2.267e-05   0.07728   0.05289   0.03936
    54/299      2.7G   0.04726   0.05616   0.03797    0.1414       213       320   0.01347  0.008634 0.0001277 2.263e-05   0.07726   0.05286   0.03933
    55/299      2.7G   0.04722   0.05627   0.03792    0.1414       152       320   0.01347  0.007967 0.0001251  2.19e-05   0.07724   0.05284    0.0393
    56/299      2.7G    0.0472   0.05631   0.03781    0.1413       174       320   0.01344    0.0082 0.0001238 2.232e-05   0.07722   0.05285   0.03925
    57/299      2.7G   0.04722   0.05651   0.03782    0.1415       259       320   0.01344  0.008165  0.000123 2.186e-05   0.07717   0.05286   0.03923
    58/299      2.7G   0.04715   0.05627   0.03771    0.1411       185       320   0.01343  0.007505  0.000119 2.152e-05   0.07711   0.05288   0.03922
    59/299      2.7G   0.04717   0.05626   0.03787    0.1413       233       320   0.01341  0.007435 0.0001234 2.219e-05   0.07709   0.05289   0.03917
    60/299      2.7G   0.04716   0.05628   0.03771    0.1411       227       320   0.01339  0.007917 0.0001224 2.217e-05   0.07708   0.05289   0.03912
    61/299      2.7G   0.04715    0.0564   0.03768    0.1412       186       320   0.03856  0.003222 0.0001277 2.263e-05   0.07706   0.05288    0.0391
    62/299      2.7G   0.04714   0.05649   0.03765    0.1413       156       320   0.01335   0.00693 0.0001223 2.189e-05   0.07703   0.05287   0.03906
    63/299      2.7G   0.04716   0.05629   0.03768    0.1411       164       320   0.01332   0.01093  0.000121 2.227e-05   0.07701   0.05289   0.03902
    64/299      2.7G   0.04709   0.05631   0.03748    0.1409       299       320   0.01336  0.007399 0.0001202 2.207e-05   0.07696   0.05291   0.03897
    65/299      2.7G   0.04706   0.05655   0.03756    0.1412       173       320   0.01337  0.008626 0.0001185 2.164e-05   0.07693   0.05288   0.03893
    66/299      2.7G   0.04708   0.05636   0.03756     0.141       189       320   0.01339  0.008354 0.0001158 2.128e-05   0.07691   0.05287   0.03889
    67/299      2.7G   0.04703   0.05629   0.03753    0.1409       186       320   0.01346  0.005466 0.0001142  2.07e-05   0.07691   0.05286   0.03886
    68/299      2.7G   0.04708   0.05656   0.03754    0.1412       231       320    0.0135  0.005758 0.0001152 2.022e-05   0.07688   0.05286   0.03882
    69/299      2.7G   0.04701   0.05654   0.03737    0.1409       208       320   0.01352  0.005476 0.0001197 2.096e-05   0.07686   0.05287   0.03879
    70/299      2.7G   0.04698   0.05655   0.03735    0.1409       135       320   0.01362  0.006925 0.0001284 2.179e-05   0.07684   0.05287   0.03876
    71/299      2.7G   0.04697   0.05623   0.03736    0.1406       242       320   0.01364  0.006907 0.0001303 2.236e-05   0.07685   0.05288   0.03875
    72/299      2.7G   0.04693   0.05654   0.03731    0.1408       251       320   0.01352  0.006937 0.0001309 2.248e-05   0.07683   0.05283    0.0387
    73/299      2.7G    0.0469   0.05656   0.03734    0.1408       149       320   0.01353  0.006565 0.0001273 2.255e-05    0.0768   0.05283   0.03866
    74/299      2.7G   0.04695   0.05658    0.0373    0.1408       155       320   0.01352  0.006435 0.0001295  2.26e-05   0.07677   0.05283   0.03863
    75/299      2.7G   0.04693   0.05656   0.03716    0.1407       140       320   0.01364  0.005441 0.0001299   2.3e-05   0.07676   0.05284   0.03857
    76/299      2.7G   0.04693   0.05648   0.03726    0.1407       173       320    0.0137  0.005581 0.0001324 2.326e-05   0.07675   0.05281   0.03856
    77/299      2.7G   0.04692   0.05641   0.03726    0.1406       209       320   0.01367  0.005403 0.0001281 2.299e-05   0.07674   0.05283   0.03856
    78/299      2.7G   0.04689   0.05685   0.03716    0.1409       181       320   0.01369  0.005387 0.0001252 2.309e-05   0.07672   0.05285   0.03855
    79/299      2.7G   0.04689   0.05651   0.03713    0.1405       235       320   0.01364  0.005624 0.0001246 2.267e-05    0.0767    0.0528   0.03853
    80/299      2.7G   0.04683   0.05624   0.03711    0.1402       191       320   0.01363  0.006257 0.0001328  2.31e-05   0.07666   0.05282    0.0385
    81/299      2.7G    0.0468   0.05629   0.03717    0.1403       179       320   0.02615  0.004656 0.0001316 2.316e-05   0.07665   0.05282    0.0385
    82/299      2.7G   0.04674   0.05631   0.03705    0.1401       133       320    0.0261  0.004666 0.0001272 2.328e-05   0.07664    0.0528   0.03849
    83/299      2.7G   0.04679   0.05639   0.03702    0.1402       205       320   0.02616  0.003813 0.0001287 2.336e-05   0.07663   0.05281   0.03848
    84/299      2.7G   0.04684   0.05639   0.03697    0.1402       233       320   0.02614  0.003959 0.0001276 2.298e-05   0.07664    0.0528   0.03846
    85/299      2.7G    0.0468   0.05657   0.03691    0.1403       185       320    0.0261  0.004704 0.0001298  2.38e-05   0.07662   0.05281   0.03843
    86/299      2.7G    0.0467   0.05662   0.03702    0.1403       267       320    0.0262  0.004683 0.0001351 2.376e-05    0.0766    0.0528   0.03842
    87/299      2.7G   0.04673   0.05666   0.03696    0.1404       197       320   0.02619  0.004382 0.0001399 2.419e-05   0.07659   0.05281    0.0384
    88/299      2.7G   0.04671   0.05626   0.03685    0.1398       224       320   0.02616  0.004068 0.0001307  2.36e-05   0.07658   0.05276   0.03836
    89/299      2.7G   0.04667   0.05653   0.03682      0.14       169       320   0.02616  0.004041 0.0001248 2.237e-05   0.07657   0.05278   0.03834
    90/299      2.7G   0.04674   0.05645   0.03684      0.14       200       320   0.02617  0.003983 0.0001217 2.208e-05   0.07656   0.05281   0.03828
    91/299      2.7G   0.04664   0.05656   0.03672    0.1399       184       320   0.05122  0.003438 0.0001213 2.179e-05   0.07654   0.05279   0.03822
    92/299      2.7G   0.04667   0.05642   0.03668    0.1398       275       320   0.05123  0.003667  0.000135 2.288e-05    0.0765   0.05282    0.0382
    93/299      2.7G   0.04662   0.05666   0.03665    0.1399       337       320    0.0513  0.003529 0.0001191 2.135e-05    0.0765    0.0528   0.03821
    94/299      2.7G   0.04663   0.05635   0.03678    0.1398       193       320   0.05125  0.003415 0.0001183 2.134e-05   0.07649   0.05278    0.0382
    95/299      2.7G   0.04664   0.05641   0.03656    0.1396       178       320   0.05126   0.00359 0.0001206 2.179e-05   0.07647   0.05275   0.03819
    96/299      2.7G   0.04659   0.05663   0.03668    0.1399       234       320   0.01369  0.004393 0.0001226 2.215e-05   0.07646   0.05278   0.03818
    97/299      2.7G   0.04665   0.05661   0.03658    0.1398       158       320    0.0513  0.003663 0.0001201 2.158e-05   0.07644   0.05278   0.03815
    98/299      2.7G   0.04654   0.05636   0.03646    0.1394       144       320   0.03873  0.004088 0.0001214 2.161e-05   0.07643   0.05279    0.0381
    99/299      2.7G   0.04652   0.05662   0.03651    0.1396       194       320    0.0387  0.003999  0.000126 2.257e-05    0.0764   0.05279   0.03806
   100/299      2.7G   0.04653   0.05661   0.03655    0.1397       183       320   0.02617  0.004461 0.0001324  2.29e-05   0.07638    0.0528   0.03806
   101/299      2.7G   0.04654   0.05653   0.03636    0.1394       131       320   0.05126  0.003609 0.0001372 2.377e-05   0.07638   0.05279   0.03805
   102/299      2.7G    0.0465   0.05674   0.03648    0.1397       142       320   0.05137  0.003429 0.0001482 2.519e-05   0.07637    0.0528   0.03804
   103/299      2.7G   0.04654   0.05657    0.0365    0.1396       175       320   0.05123  0.004046 0.0001485 2.559e-05   0.07634   0.05279   0.03801
   104/299      2.7G   0.04649   0.05662   0.03626    0.1394       269       320   0.05131  0.003738 0.0001536 2.584e-05   0.07634   0.05279   0.03799
   105/299      2.7G   0.04648   0.05663   0.03631    0.1394       193       320   0.05137  0.003863 0.0001546 2.577e-05   0.07633   0.05281   0.03796
   106/299      2.7G   0.04646   0.05634   0.03628    0.1391       198       320   0.05134  0.003944 0.0001514 2.532e-05   0.07634   0.05277   0.03793
   107/299      2.7G   0.04644   0.05656   0.03625    0.1393       168       320   0.05126  0.004336 0.0001425 2.448e-05   0.07631   0.05279   0.03792
   108/299      2.7G   0.04644   0.05679    0.0363    0.1395       265       320   0.01378  0.004979  0.000147 2.559e-05    0.0763    0.0528   0.03791
   109/299      2.7G   0.04639   0.05672   0.03617    0.1393       235       320   0.01378  0.005354 0.0001446 2.519e-05   0.07628   0.05278   0.03788
   110/299      2.7G   0.04636   0.05665   0.03613    0.1391       328       320   0.05129  0.003702  0.000141  2.51e-05   0.07625   0.05279   0.03788
   111/299      2.7G   0.04636   0.05671   0.03613    0.1392       201       320   0.05129   0.00372 0.0001361 2.478e-05   0.07623   0.05278   0.03786
   112/299      2.7G   0.04637   0.05679   0.03608    0.1392       140       320   0.05133  0.003616 0.0001386 2.517e-05   0.07621   0.05277   0.03782
   113/299      2.7G   0.04634   0.05668   0.03608    0.1391       314       320   0.02622  0.004189 0.0001342 2.527e-05   0.07619   0.05278   0.03779
   114/299      2.7G    0.0463   0.05633   0.03612    0.1388       224       320   0.05121  0.003908 0.0001283 2.479e-05   0.07619   0.05273   0.03777
   115/299      2.7G   0.04634   0.05661   0.03607     0.139       206       320   0.03874  0.004152 0.0001297 2.443e-05    0.0762   0.05272   0.03774
   116/299      2.7G    0.0463   0.05655   0.03599    0.1388       212       320   0.03869  0.003957 0.0001223 2.413e-05    0.0762   0.05273   0.03771
   117/299      2.7G   0.04619   0.05659   0.03592    0.1387       174       320   0.01368  0.005918 0.0001328 2.616e-05   0.07618    0.0527    0.0377
   118/299      2.7G   0.04621   0.05655   0.03595    0.1387       191       320   0.01364  0.006091 0.0001333 2.605e-05   0.07617   0.05269   0.03766
   119/299      2.7G   0.04615   0.05671    0.0359    0.1388       154       320   0.01359  0.006229 0.0001327 2.592e-05   0.07615   0.05269   0.03764
   120/299      2.7G   0.04624   0.05662   0.03586    0.1387       152       320   0.01361  0.006921  0.000136 2.589e-05   0.07613   0.05273   0.03763
   121/299      2.7G   0.04625   0.05649   0.03585    0.1386       173       320   0.01369  0.006386 0.0001378 2.636e-05   0.07612   0.05272   0.03761
   122/299      2.7G   0.04624   0.05654   0.03582    0.1386       205       320   0.01372  0.006085 0.0001337 2.517e-05    0.0761   0.05274    0.0376
   123/299      2.7G    0.0462    0.0568    0.0357    0.1387       208       320   0.01372  0.006077  0.000145 2.583e-05    0.0761   0.05274    0.0376
   124/299      2.7G    0.0462   0.05661   0.03575    0.1386       256       320   0.01368  0.005704 0.0001461 2.541e-05   0.07609   0.05272   0.03759
   125/299      2.7G   0.04611   0.05662   0.03568    0.1384       183       320   0.01376  0.005806 0.0001514 2.619e-05   0.07609   0.05276    0.0376
   126/299      2.7G   0.04609   0.05678   0.03565    0.1385       231       320   0.01387  0.005948 0.0001552 2.671e-05   0.07609   0.05273   0.03758
   127/299      2.7G   0.04607   0.05661   0.03568    0.1384       167       320   0.01387  0.005898 0.0001565   2.7e-05   0.07608   0.05275   0.03755
   128/299      2.7G   0.04611   0.05687   0.03562    0.1386       216       320   0.01389  0.005658 0.0001552  2.67e-05   0.07608   0.05271    0.0375
   129/299      2.7G   0.04601   0.05653   0.03545     0.138       208       320   0.01394  0.005199 0.0001598 2.721e-05   0.07606   0.05272   0.03749
   130/199    0.241G   0.05232   0.03159   0.02849    0.1124        19       320    0.5877    0.6337    0.6123    0.2248   0.07989   0.04562   0.02867
   131/199     3.16G    0.0325   0.02873    0.0198   0.08104         4       320    0.7406     0.754    0.7983    0.4939   0.06621   0.03447   0.02205
   132/199      3.8G   0.02976   0.02706   0.01712   0.07395         0       320    0.8174    0.8013    0.8649    0.5372   0.06442    0.0315   0.01819
   133/199      3.8G   0.02881   0.02763   0.01652   0.07296         5       320    0.8169     0.789    0.8688    0.5716   0.06268    0.0312   0.01728
   134/199      3.8G   0.02803   0.02722   0.01547   0.07073         7       320    0.8136    0.8373     0.889    0.5966   0.06159   0.02942   0.01598
   135/199      3.8G   0.02769   0.02673   0.01447   0.06889         7       320    0.8141    0.8245    0.8937    0.5817   0.06097   0.02856   0.01833
   136/199      3.8G   0.02704   0.02673   0.01401   0.06778         4       320    0.8447    0.8017     0.893     0.612   0.05967   0.02844   0.01624
   137/199     3.81G   0.02682   0.02641   0.01334   0.06656         7       320    0.8073    0.7889      0.87    0.6063   0.06058   0.02707   0.01926
   138/199     3.81G   0.02625   0.02586   0.01305   0.06516         4       320    0.8678    0.7881    0.8947    0.5574   0.06165   0.02742   0.01832
   139/199     3.81G   0.02566   0.02531   0.01261   0.06357         3       320    0.8384    0.8023    0.8942    0.6247   0.05901   0.02589   0.02012
   140/199     3.82G   0.02566   0.02546   0.01221   0.06332         2       320    0.8277    0.7899    0.8846    0.6136    0.0607   0.02675    0.0196
   141/199     3.82G   0.02522   0.02442   0.01182   0.06146         6       320    0.8528    0.8257     0.914    0.6238    0.0597   0.02686   0.01692
   142/199     3.82G   0.02523   0.02509   0.01204   0.06236        11       320     0.859    0.8391    0.9151    0.6249   0.05978   0.02692   0.01663
   143/199     3.82G    0.0247   0.02469   0.01175   0.06114         6       320    0.8546    0.7762    0.8958    0.6391   0.05932   0.02603   0.01864
   144/199     3.82G   0.02486    0.0243    0.0114   0.06057         8       320    0.8759    0.8158     0.916    0.6562   0.05917   0.02607   0.01645
   145/199     3.82G   0.02446     0.024    0.0113   0.05976         3       320    0.8473    0.8362    0.9153    0.6546    0.0592   0.02565   0.01707
   146/199     3.83G   0.02451   0.02418   0.01134   0.06003         3       320    0.8498    0.8134    0.9105    0.6396   0.05984   0.02407   0.01832
   147/199     3.83G   0.02437    0.0237   0.01064    0.0587         6       320    0.8817    0.8547    0.9324      0.68    0.0586    0.0252   0.01538
   148/199     3.83G   0.02426   0.02485   0.01077   0.05988        20       320    0.8125    0.8247    0.9072     0.657   0.05919   0.02427   0.01873
   149/199     3.84G   0.02434   0.02384   0.01051   0.05869         5       320     0.875    0.8412    0.9293    0.6738   0.05813   0.02414   0.01623
   150/199     3.84G   0.02396   0.02365   0.01042   0.05802         7       320    0.8388    0.8229    0.9071    0.6692   0.05777   0.02385   0.01906
   151/199     3.84G   0.02385   0.02296   0.01016   0.05697         5       320    0.8783    0.8125    0.9194    0.6695    0.0591   0.02364   0.01705
   152/199     3.84G   0.02399   0.02366    0.0101   0.05775         2       320    0.8622    0.8532    0.9296    0.6788   0.05872   0.02385   0.01649
   153/199     3.84G   0.02348   0.02298   0.01014    0.0566         6       320    0.8555     0.869    0.9374    0.6783   0.05823   0.02373   0.01531
   154/199     3.84G   0.02346   0.02347   0.00984   0.05677         7       320    0.8539    0.8763    0.9386     0.691    0.0576   0.02398   0.01569
   155/199     3.84G   0.02385   0.02394  0.009832   0.05762        19       320    0.8617    0.8596    0.9374    0.6941   0.05764   0.02328   0.01605
   156/199     3.84G    0.0232   0.02326   0.00944    0.0559        16       320    0.8316    0.8749    0.9291    0.6796   0.05731   0.02376   0.01605
   157/199     3.84G   0.02325   0.02212   0.01056   0.05593         3       320    0.9089    0.8713    0.9492    0.6841    0.0583   0.02346   0.01484
   158/199     3.84G   0.02287   0.02284  0.009338   0.05505        11       320    0.8808    0.8361    0.9344    0.6777    0.0576   0.02317   0.01624
   159/199     3.84G   0.02325    0.0232   0.01007   0.05652         6       320    0.8997    0.8278    0.9359    0.6966   0.05687   0.02298   0.01607
   160/199     3.84G   0.02274   0.02208  0.009695   0.05451         6       320    0.8771    0.8442    0.9377    0.6924   0.05801   0.02381   0.01568
   161/199     3.84G   0.02304   0.02202  0.009391   0.05444         5       320    0.8548    0.8809     0.944    0.6935   0.05721   0.02309    0.0153
   162/199     3.84G   0.02312   0.02237   0.00951     0.055         3       320    0.8577    0.8855    0.9446    0.6913   0.05719   0.02333   0.01465
   163/199     3.84G   0.02278   0.02233  0.009229   0.05434         7       320    0.8604     0.858     0.935    0.6991   0.05661   0.02256   0.01612
   164/199     3.84G   0.02284   0.02239  0.009127   0.05436         5       320    0.9028    0.8698    0.9524    0.7042   0.05658   0.02314   0.01407
   165/199     3.84G   0.02236   0.02176  0.009028   0.05314         6       320    0.9098    0.8584    0.9479    0.7013   0.05651   0.02284   0.01459
   166/199     3.84G   0.02255   0.02187  0.009014   0.05343         7       320    0.9043    0.8462    0.9428    0.7019   0.05616   0.02258   0.01565
   167/199     3.84G   0.02257   0.02228  0.008877   0.05373        14       320    0.8661    0.8507    0.9313     0.695   0.05626    0.0228   0.01667
   168/199     3.84G   0.02267   0.02246  0.008793   0.05391         5       320    0.8854    0.8542    0.9394     0.703   0.05649   0.02246   0.01573
   169/199     3.84G   0.02257   0.02175   0.00869   0.05301        12       320    0.9024    0.8541    0.9451    0.6988   0.05664   0.02263   0.01474
   170/199     3.84G    0.0224   0.02139  0.008625   0.05242         1       320    0.9042    0.8772    0.9476    0.7072   0.05651    0.0225   0.01439
   171/199     3.84G   0.02245   0.02173  0.008674   0.05286         7       320    0.9267    0.8625    0.9492    0.7164   0.05598   0.02289   0.01385
   172/199     3.84G   0.02249   0.02185  0.008582   0.05292         5       320    0.8939    0.8604    0.9452    0.7054   0.05649   0.02196   0.01523
   173/199     3.84G   0.02263   0.02123  0.008922   0.05278         7       320    0.8679    0.8552    0.9394     0.702   0.05643   0.02233    0.0159
   174/199     3.84G   0.02234   0.02128  0.008705   0.05232         2       320    0.8954     0.897    0.9528    0.7163   0.05639   0.02239   0.01371
   175/199     3.84G   0.02192   0.02123  0.008256    0.0514         2       320    0.8624    0.8981    0.9484    0.7046   0.05687    0.0222   0.01467
   176/199     3.84G    0.0225   0.02189  0.008819   0.05322         7       320    0.8958    0.8488    0.9424    0.6935    0.0574   0.02221   0.01478
   177/199     3.85G   0.02231   0.02192  0.008458   0.05269         7       320    0.9081    0.8815    0.9537    0.7098   0.05689   0.02242   0.01341
   178/199     3.85G   0.02246   0.02222  0.009148   0.05383        10       320    0.8757    0.8631    0.9439     0.705   0.05675   0.02175   0.01523
   179/199     3.85G   0.02229   0.02191  0.008548   0.05275         8       320    0.8809    0.8903    0.9511    0.7102   0.05683   0.02222   0.01394
   180/199     3.85G   0.02225   0.02133  0.008392   0.05197         5       320    0.8758    0.8942    0.9514    0.7125   0.05667   0.02223   0.01392
   181/199     3.85G   0.02241   0.02159  0.008308   0.05232        25       320    0.9071    0.8749     0.952    0.7171   0.05669   0.02252   0.01339
   182/199     3.85G   0.02192   0.02103  0.008384   0.05134         5       320    0.8666    0.9079    0.9527    0.7102   0.05679   0.02215   0.01362
   183/199     3.85G   0.02192   0.02124  0.008698   0.05185         7       320    0.8848    0.8823    0.9477    0.7089   0.05689   0.02224   0.01398
   184/199     3.85G   0.02203    0.0211  0.008454   0.05158         7       320    0.8815    0.8966    0.9522     0.711   0.05669   0.02228   0.01377
   185/199     3.85G   0.02196   0.02141  0.008737   0.05211         3       320     0.859    0.8998    0.9474    0.7067   0.05703   0.02198   0.01448
   186/199     3.85G   0.02194   0.02076  0.008411   0.05112         1       320    0.8717    0.8917    0.9495    0.7073   0.05714    0.0219   0.01425
   187/199     3.85G   0.02189   0.02131  0.008144   0.05134         4       320    0.8936    0.8933    0.9545    0.7169   0.05688   0.02209   0.01346
   188/199     3.85G   0.02204   0.02135  0.008567   0.05195        12       320    0.8925    0.8719    0.9492    0.7107   0.05694    0.0216   0.01432
   189/199     3.85G   0.02206   0.02169  0.008198   0.05194        12       320    0.9183    0.8523    0.9492    0.7141   0.05684   0.02193    0.0139
   190/199     3.85G   0.02217   0.02109  0.007841   0.05109         5       320    0.8949    0.8823     0.953    0.7152   0.05689   0.02191   0.01367
   191/199     3.85G   0.02168   0.02095  0.008238   0.05087         4       320    0.9116    0.8744     0.955    0.7148   0.05718   0.02199   0.01332
   192/199     3.85G   0.02213   0.02201  0.008847   0.05298        11       320    0.9029    0.8705     0.953    0.7166   0.05697   0.02179   0.01371
   193/199     3.85G   0.02178    0.0213  0.008419    0.0515         6       320    0.8932    0.8897    0.9551    0.7155   0.05687   0.02199   0.01348
   194/199     3.85G   0.02183   0.02081  0.008347   0.05099         3       320    0.8841    0.8923    0.9524    0.7151    0.0568   0.02199   0.01369
   195/199     3.85G   0.02201   0.02125  0.008316   0.05157        11       320    0.9151    0.8683    0.9551    0.7156   0.05696   0.02216   0.01333
   196/199     3.85G   0.02208   0.02126   0.00841   0.05176         4       320    0.8993    0.8956    0.9566    0.7191   0.05689   0.02211   0.01327
   197/199     3.85G   0.02188   0.02116  0.007945   0.05098         3       320    0.8994    0.8998     0.958    0.7193   0.05698   0.02219   0.01306
   198/199     3.85G   0.02169   0.02101  0.008757   0.05146         5       320    0.9099    0.8772    0.9555    0.7186   0.05705   0.02206   0.01324
   199/199     3.85G   0.02198   0.02119  0.008164   0.05133        12       320    0.9049    0.8787    0.9552    0.7207   0.05693   0.02204   0.01331
