COCO METRICS:
AP: 0.8085611886222455
AP50: 0.9559614768849878
AP75: 0.9017036884899658
APsmall: 0.09171617161716171
APmedium: 0.728527921461101
APlarge: 0.85990542316105
AR1: 0.5633658965045484
AR10: 0.8439695937843583
AR100: 0.8439695937843583
ARsmall: 0.28076923076923077
ARmedium: 0.772371774450462
ARlarge: 0.8940252370783147

PASCAL METRIC (AP per class)
U: 0.9617828847505909
P: 0.9531073900496425
D: 0.9659374398213793

PASCAL METRIC (mAP)
mAP: 0.9602759048738708