COCO METRICS:
AP: 0.6468286763382262
AP50: 0.9216295638776231
AP75: 0.7607207675385207
APsmall: 0.06592736728749489
APmedium: 0.5468265428092012
APlarge: 0.7060761362107527
AR1: 0.4848296249094875
AR10: 0.7302563676656432
AR100: 0.7330877607796193
ARsmall: 0.13
ARmedium: 0.6443084168408036
ARlarge: 0.786325652615685

PASCAL METRIC (AP per class)
U: 0.8726424304239397
D: 0.9594610878508196
P: 0.9464188029780901

PASCAL METRIC (mAP)
mAP: 0.9261741070842832