COCO METRICS:
AP: 0.6838436955564924
AP50: 0.9422808004923416
AP75: 0.8207792357897156
APsmall: 0.08268720557996996
APmedium: 0.6055137230064488
APlarge: 0.7408752534966594
AR1: 0.5117683781512541
AR10: 0.7604582617942889
AR100: 0.763939343142827
ARsmall: 0.15769230769230771
ARmedium: 0.7026057884334095
ARlarge: 0.8070316861212266

PASCAL METRIC (AP per class)
U: 0.9404792921811208
P: 0.9642114986527435
D: 0.9485014094630895

PASCAL METRIC (mAP)
mAP: 0.9510640667656513