      0/99     3.72G   0.06888   0.05014   0.07782    0.1968       764       320   0.06322  0.004212 3.382e-05 9.153e-06   0.09803   0.05142   0.07845
      1/99     7.77G   0.05924   0.05432   0.06669    0.1802       819       320 0.0006297   0.01867 7.782e-05 1.586e-05   0.09071   0.05298   0.07159
      2/99     7.77G   0.05567   0.05557    0.0577    0.1689       443       320   0.02547    0.0122 7.499e-05 1.981e-05   0.08677   0.05267   0.06147
      3/99     7.77G   0.05345   0.05529   0.05172    0.1605       653       320   0.01307   0.01745 0.0001079 2.113e-05   0.08475    0.0525   0.05486
      4/99     7.77G   0.05222   0.05503   0.04852    0.1558       647       320   0.07597  0.003129 6.636e-05 1.525e-05   0.08358   0.05244   0.05236
      5/99     7.78G    0.0514    0.0552   0.04657    0.1532       622       320   0.03823  0.006746 7.707e-05 1.351e-05   0.08224    0.0528   0.04953
      6/99     7.78G   0.05079   0.05532   0.04542    0.1515       624       320   0.01309  0.009225 7.274e-05 1.345e-05   0.08144    0.0528   0.04812
      7/99     7.78G   0.05041   0.05552   0.04431    0.1502       597       320   0.02582  0.005853 0.0001029 2.039e-05   0.08097   0.05263   0.04683
      8/99     7.78G   0.05008   0.05557   0.04359    0.1492       639       320 0.0006481   0.01106 6.961e-05 1.525e-05   0.08054    0.0527   0.04606
      9/99     7.78G   0.04975   0.05559   0.04277    0.1481       571       320   0.02571   0.00798 6.589e-05 1.333e-05   0.08018   0.05285   0.04549
     10/99     7.78G    0.0495   0.05545   0.04231    0.1473       642       320   0.02566  0.008428  6.43e-05 1.235e-05   0.07999   0.05283   0.04491
     11/99     7.78G   0.04933   0.05572   0.04184    0.1469       585       320   0.02566  0.007948 6.119e-05 1.233e-05   0.07984   0.05285   0.04452
     12/99     7.78G   0.04917   0.05578   0.04122    0.1462       586       320 0.0006438   0.01254 6.407e-05 1.305e-05   0.07971    0.0529   0.04425
     13/99     7.78G   0.04897    0.0558   0.04114    0.1459       784       320  0.000663   0.01262 6.628e-05 1.275e-05   0.07961   0.05294   0.04401
     14/99     7.78G   0.04887   0.05593   0.04066    0.1455       536       320 0.0006413   0.01465  6.62e-05 1.235e-05   0.07951   0.05301    0.0438
     15/99     7.78G   0.04873   0.05566   0.04037    0.1448       567       320 0.0006367   0.01328  6.31e-05 1.216e-05   0.07941   0.05308   0.04362
     16/99     7.78G   0.04864   0.05599   0.04007    0.1447       513       320   0.00067  0.007123 6.129e-05 1.236e-05   0.07932   0.05317   0.04342
     17/99     7.78G   0.04854   0.05565   0.03992    0.1441       541       320 0.0006585  0.007987 6.087e-05 1.231e-05   0.07923   0.05328   0.04322
     18/99     7.78G   0.04841     0.056   0.03963     0.144       624       320   0.01312   0.01143 5.967e-05 1.229e-05   0.07913   0.05339   0.04301
     19/99     7.78G   0.04835   0.05573   0.03947    0.1435       731       320    0.0382  0.005051 6.259e-05 1.255e-05   0.07905   0.05348   0.04281
     20/99     7.78G   0.04825   0.05581   0.03921    0.1433       623       320   0.03822  0.005892 7.829e-05 1.415e-05   0.07897   0.05357   0.04261
     21/99     7.78G   0.04819   0.05575   0.03899    0.1429       581       320   0.01318  0.007099 7.746e-05 1.406e-05   0.07891   0.05359    0.0424
     22/99     7.78G   0.04812    0.0559   0.03874    0.1428       559       320    0.0132  0.006321 7.722e-05 1.426e-05   0.07885   0.05357   0.04219
     23/99     7.78G   0.04808   0.05585   0.03863    0.1426       686       320   0.01319  0.007012 7.811e-05 1.421e-05   0.07877   0.05363   0.04202
     24/99     7.78G   0.04789   0.05572   0.03851    0.1421       616       320   0.01321   0.00681  7.95e-05 1.484e-05    0.0787   0.05365   0.04184
     25/99     7.78G   0.04791   0.05573   0.03837     0.142       648       320   0.03832  0.005074 8.143e-05 1.498e-05   0.07863   0.05367   0.04165
     26/99     7.78G   0.04777   0.05586   0.03809    0.1417       613       320   0.01325  0.007008 8.212e-05 1.507e-05   0.07856   0.05362   0.04148
     27/99     7.78G   0.04773   0.05575   0.03796    0.1414       647       320   0.02577   0.00647 7.228e-05 1.447e-05   0.07847   0.05363   0.04129
     28/99     7.78G    0.0477   0.05591   0.03789    0.1415       699       320   0.03834  0.004843 7.257e-05 1.567e-05   0.07837   0.05366   0.04111
     29/99     7.78G   0.04763   0.05583   0.03788    0.1413       552       320   0.01328  0.006509 7.458e-05 1.639e-05   0.07829   0.05364   0.04092
     30/99     7.78G   0.04752   0.05581   0.03758    0.1409       726       320   0.01331  0.005678 7.416e-05 1.625e-05   0.07821    0.0536   0.04072
     31/99     7.78G   0.04747   0.05597   0.03761     0.141       607       320    0.0133  0.005954 7.412e-05 1.609e-05   0.07813   0.05358   0.04056
     32/99     7.78G   0.04739   0.05599   0.03742    0.1408       570       320   0.01327  0.007632 7.617e-05 1.723e-05   0.07802   0.05355   0.04039
     33/99     7.78G   0.04743   0.05588   0.03738    0.1407       780       320   0.02585   0.00548 7.557e-05 1.651e-05   0.07794    0.0535   0.04022
     34/99     7.78G   0.04733   0.05598   0.03717    0.1405       555       320   0.05094  0.004385 7.565e-05 1.722e-05   0.07787   0.05344   0.04005
     35/99     7.78G   0.04728   0.05611   0.03706    0.1405       556       320   0.05098  0.004698 8.566e-05 1.895e-05    0.0778   0.05337   0.03991
     36/99     7.78G   0.04723   0.05606   0.03697    0.1403       587       320   0.05101  0.004431 8.512e-05 1.805e-05   0.07774   0.05333   0.03975
     37/99     7.78G   0.04718   0.05588   0.03689      0.14       708       320   0.05097  0.004698 8.248e-05  1.75e-05   0.07769   0.05324   0.03961
     38/99     7.78G   0.04713   0.05584   0.03676    0.1397       647       320   0.05092  0.005129 8.151e-05  1.73e-05   0.07763   0.05319    0.0395
     39/99     7.78G   0.04707   0.05591   0.03663    0.1396       607       320    0.0134   0.00526 8.256e-05 1.713e-05   0.07757   0.05313   0.03937
     40/99     7.78G   0.04701   0.05593   0.03649    0.1394       658       320   0.01337  0.005302 8.132e-05 1.753e-05   0.07751   0.05307   0.03925
     41/99     7.78G   0.04694   0.05643   0.03642    0.1398       726       320    0.0134  0.005393 8.346e-05 1.768e-05   0.07747   0.05303   0.03913
     42/99     7.78G   0.04689   0.05609   0.03629    0.1393       634       320   0.01344  0.005757 8.524e-05 1.787e-05   0.07741   0.05301   0.03902
     43/99     7.78G   0.04682   0.05591   0.03623    0.1389       691       320   0.02596  0.005472 8.464e-05 1.783e-05   0.07736     0.053    0.0389
     44/99     7.78G   0.04678   0.05607   0.03598    0.1388       637       320   0.01341  0.005848 8.626e-05 1.804e-05    0.0773   0.05297    0.0388
     45/99     7.78G   0.04675   0.05594    0.0361    0.1388       568       320   0.01342  0.005987 8.706e-05 1.832e-05   0.07725   0.05291   0.03873
     46/99     7.78G   0.04668    0.0561   0.03588    0.1387       678       320   0.01341  0.005949 9.462e-05 1.971e-05   0.07719   0.05293   0.03866
     47/99     7.78G   0.04662   0.05624   0.03577    0.1386       540       320   0.01344  0.006432 9.633e-05 1.992e-05   0.07713   0.05289   0.03861
     48/99     7.78G   0.04652   0.05634   0.03559    0.1384       602       320   0.01343  0.005853 9.585e-05 1.975e-05   0.07708   0.05288   0.03856
     49/99     7.78G    0.0465   0.05608   0.03557    0.1381       656       320   0.01339  0.006551  9.53e-05 1.959e-05   0.07704   0.05283    0.0385
     50/99     7.78G   0.04641   0.05618   0.03539     0.138       665       320   0.01343   0.00497 9.554e-05 1.902e-05   0.07698   0.05287   0.03844
     51/99     7.78G   0.04637   0.05633   0.03528     0.138       614       320   0.01345  0.005153 9.442e-05  1.89e-05   0.07694   0.05283   0.03837
     52/99     7.78G   0.04628   0.05622   0.03521    0.1377       516       320   0.01344  0.005315 9.281e-05 1.867e-05   0.07691   0.05278    0.0383
     53/99     7.78G   0.04624   0.05599   0.03506    0.1373       633       320   0.02595  0.005077  9.27e-05 1.833e-05   0.07688   0.05274   0.03824
     54/99     7.78G   0.04618   0.05631   0.03503    0.1375       604       320   0.01343  0.005055  9.26e-05 1.846e-05   0.07685   0.05266   0.03817
     55/99     7.78G   0.04613   0.05626   0.03475    0.1371       596       320   0.01337  0.005352 9.023e-05 1.817e-05   0.07682   0.05265   0.03812
     56/99     7.78G   0.04607   0.05623   0.03464    0.1369       605       320   0.01339  0.005224 9.362e-05 1.841e-05   0.07679    0.0526   0.03805
     57/99     7.78G     0.046   0.05634   0.03464     0.137       628       320   0.02591  0.005201 9.483e-05 1.871e-05   0.07674   0.05259   0.03797
     58/99     7.78G    0.0459   0.05627   0.03453    0.1367       627       320   0.02589  0.005328 9.553e-05 1.855e-05    0.0767   0.05258   0.03791
     59/99     7.78G   0.04588   0.05616    0.0344    0.1364       716       320   0.01333    0.0055 9.332e-05 1.824e-05   0.07666   0.05257   0.03785
     60/99     7.78G   0.04579   0.05629   0.03423    0.1363       717       320   0.01341  0.005316 9.373e-05 1.816e-05   0.07663   0.05253    0.0378
     61/99     7.78G   0.04577   0.05635   0.03408    0.1362       727       320   0.01345   0.00529 9.532e-05 1.846e-05    0.0766   0.05248   0.03774
     62/99     7.78G   0.04568   0.05648   0.03398    0.1361       587       320   0.01344  0.004991  9.29e-05 1.835e-05   0.07656   0.05246   0.03767
     63/99     7.78G    0.0456   0.05648   0.03393     0.136       553       320   0.01333   0.01431 9.638e-05 1.813e-05   0.07653   0.05243    0.0376
     64/99     7.78G   0.04559   0.05615   0.03372    0.1355       678       320   0.01346  0.004868   9.9e-05 1.897e-05    0.0765    0.0524   0.03756
     65/99     7.78G    0.0455   0.05655   0.03357    0.1356       606       320   0.01345  0.005203 9.708e-05 1.884e-05   0.07647   0.05238   0.03751
     66/99     7.78G   0.04539   0.05617   0.03358    0.1351       595       320   0.01344  0.005389  9.93e-05 1.928e-05   0.07644   0.05233   0.03746
     67/99     7.78G   0.04534   0.05625   0.03335    0.1349       673       320   0.01346  0.005452 0.0001015 1.954e-05   0.07641   0.05232   0.03742
     68/99     7.78G   0.04529   0.05639   0.03322    0.1349       760       320   0.01346  0.005314 9.767e-05 1.891e-05   0.07638    0.0523   0.03737
     69/99     7.78G   0.04513   0.05644   0.03301    0.1346       684       320   0.01345   0.00488 9.844e-05 1.871e-05   0.07636   0.05229   0.03732
     70/99     7.78G   0.04511   0.05639   0.03305    0.1345       597       320   0.01338  0.006791 0.0001027 1.952e-05   0.07633   0.05227   0.03727
     71/99     7.78G   0.04497    0.0563   0.03275     0.134       566       320   0.01342  0.006331 9.964e-05 1.945e-05   0.07629   0.05225   0.03725
     72/99     7.78G   0.04501   0.05639   0.03273    0.1341       507       320    0.0134  0.006405 0.0001027 1.972e-05   0.07626   0.05224   0.03721
     73/99     7.78G   0.04486   0.05631   0.03257    0.1337       584       320   0.01344  0.006089 0.0001025 1.965e-05   0.07622   0.05223   0.03716
     74/99     7.78G   0.04484   0.05632    0.0324    0.1336       540       320   0.01344  0.005464 0.0001007 1.893e-05   0.07619   0.05224    0.0371
     75/99     7.78G   0.04472   0.05637   0.03227    0.1334       817       320   0.01347  0.005937 0.0001006 1.946e-05   0.07616   0.05222   0.03705
     76/99     7.78G   0.04472   0.05619   0.03213     0.133       648       320    0.0135  0.006194 0.0001024 1.947e-05   0.07614   0.05219   0.03699
     77/99     7.78G   0.04463    0.0562   0.03195    0.1328       744       320    0.0135  0.006179 0.0001036 1.955e-05   0.07611   0.05223   0.03696
     78/99     7.78G    0.0446   0.05678   0.03181    0.1332       596       320   0.01351  0.006155 0.0001026 1.921e-05   0.07609   0.05218   0.03692
     79/99     7.78G   0.04443   0.05641   0.03169    0.1325       635       320   0.01347  0.006328 0.0001032 1.984e-05   0.07608   0.05214   0.03688
     80/99     7.78G   0.04437   0.05631   0.03151    0.1322       591       320   0.02602  0.005144 0.0001046 2.039e-05   0.07607   0.05213   0.03685
     81/99     7.78G   0.04426    0.0563   0.03142     0.132       537       320   0.02608  0.005224 0.0001087 2.096e-05   0.07605   0.05212   0.03681
     82/99     7.78G   0.04424   0.05651   0.03123     0.132       609       320   0.02608  0.005283 0.0001107 2.146e-05   0.07602   0.05208   0.03677
     83/99     7.78G   0.04414   0.05632   0.03118    0.1316       743       320   0.02609   0.00482 0.0001135  2.12e-05     0.076   0.05207   0.03673
     84/99     7.78G   0.04413   0.05662   0.03099    0.1317       609       320   0.02611  0.004975 0.0001149 2.122e-05   0.07598   0.05204   0.03668
     85/99     7.78G   0.04396   0.05633   0.03092    0.1312       577       320   0.03876  0.003635 0.0001158 2.144e-05   0.07596   0.05204   0.03665
     86/99     7.78G   0.04386   0.05635    0.0307    0.1309       508       320   0.03881  0.003474 0.0001181 2.186e-05   0.07594   0.05203   0.03664
     87/99     7.78G   0.04386   0.05656   0.03056     0.131       665       320   0.02633  0.003614 0.0001179 2.184e-05   0.07592   0.05202   0.03663
     88/99     7.78G   0.04378    0.0565   0.03046    0.1307       804       320   0.03894  0.003449 0.0001187 2.252e-05    0.0759     0.052    0.0366
     89/99     7.78G   0.04372   0.05644   0.03019    0.1304       646       320    0.0264  0.003405 0.0001164 2.218e-05   0.07589     0.052   0.03659
     90/99     7.78G   0.04366   0.05637    0.0302    0.1302       653       320   0.02642   0.00362 0.0001171 2.229e-05   0.07587     0.052   0.03658
     91/99     7.78G   0.04363   0.05647   0.03004    0.1301       662       320   0.02641  0.003543 0.0001184 2.258e-05   0.07586   0.05198   0.03656
