COCO METRICS:
AP: 0.8589162881615086
AP50: 0.9887632347912634
AP75: 0.9597405489034276
APsmall: 0.21581986294662164
APmedium: 0.7795147226060535
APlarge: 0.893832025200963
AR1: 0.5722732872778763
AR10: 0.8911328968030062
AR100: 0.8913926974497006
ARsmall: 0.281
ARmedium: 0.8276563930194268
ARlarge: 0.925516650664385

PASCAL METRIC (AP per class)
U: 0.9961602486733043
D: 0.9983765954435683
P: 0.9926080947004748

PASCAL METRIC (mAP)
mAP: 0.9957149796057824