COCO METRICS:
AP: 0.6560721848745121
AP50: 0.9131276481919434
AP75: 0.7711122254310782
APsmall: 0.07742264084420612
APmedium: 0.5764677878642072
APlarge: 0.7140761855677208
AR1: 0.49669136680450676
AR10: 0.741241375087738
AR100: 0.7427436407866232
ARsmall: 0.11923076923076922
ARmedium: 0.6738655268840041
ARlarge: 0.7921540081692847

PASCAL METRIC (AP per class)
U: 0.8969903621717703
P: 0.9376277405273493
D: 0.9201381279382449

PASCAL METRIC (mAP)
mAP: 0.9182520768791216